round 0
#corps
#tower
0 1 1 1 10 -1 -1 100 25 1 1
1 13 2 2 10 -1 -1 100 25 1 1
2 13 11 3 10 -1 -1 100 25 1 1
3 4 12 4 10 -1 -1 100 25 1 1
#map
0 0 5 1
1 0 5 1
2 0 5 1
3 0 4 1
4 0 1 1
5 0 5 1
6 0 3 0
7 0 5 0
8 0 1 0
9 0 1 2
10 0 5 2
11 0 4 2
12 0 2 2
13 0 1 2
14 0 1 2
0 1 5 1
1 1 0 1
2 1 5 1
3 1 2 1
4 1 3 1
5 1 1 1
6 1 3 0
7 1 4 0
8 1 1 0
9 1 1 2
10 1 1 2
11 1 1 2
12 1 5 2
13 1 5 2
14 1 5 2
0 2 5 1
1 2 5 1
2 2 5 1
3 2 5 1
4 2 1 1
5 2 1 1
6 2 2 0
7 2 2 0
8 2 3 0
9 2 1 2
10 2 1 2
11 2 1 2
12 2 5 2
13 2 0 2
14 2 5 2
0 3 1 1
1 3 4 1
2 3 1 1
3 3 1 1
4 3 5 1
5 3 2 1
6 3 2 0
7 3 2 0
8 3 2 0
9 3 1 2
10 3 1 2
11 3 5 2
12 3 5 2
13 3 5 2
14 3 5 2
0 4 5 1
1 4 5 1
2 4 1 1
3 4 2 1
4 4 2 1
5 4 3 1
6 4 2 0
7 4 2 0
8 4 4 0
9 4 1 2
10 4 1 2
11 4 5 2
12 4 5 2
13 4 1 2
14 4 5 2
0 5 5 1
1 5 5 1
2 5 5 1
3 5 3 1
4 5 4 1
5 5 3 1
6 5 3 0
7 5 2 0
8 5 1 0
9 5 3 2
10 5 3 2
11 5 5 2
12 5 5 2
13 5 5 2
14 5 3 2
0 6 2 0
1 6 5 0
2 6 5 0
3 6 5 0
4 6 5 0
5 6 2 0
6 6 1 0
7 6 3 0
8 6 2 0
9 6 2 0
10 6 5 0
11 6 5 0
12 6 5 0
13 6 5 0
14 6 2 0
0 7 4 0
1 7 5 0
2 7 3 0
3 7 2 0
4 7 1 0
5 7 2 0
6 7 1 0
7 7 1 0
8 7 2 0
9 7 1 0
10 7 1 0
11 7 2 0
12 7 2 0
13 7 4 0
14 7 1 0
0 8 2 0
1 8 1 0
2 8 1 0
3 8 1 0
4 8 1 0
5 8 1 0
6 8 1 0
7 8 1 0
8 8 1 0
9 8 1 0
10 8 1 0
11 8 1 0
12 8 1 0
13 8 4 0
14 8 1 0
0 9 3 4
1 9 2 4
2 9 1 4
3 9 1 4
4 9 1 4
5 9 1 4
6 9 1 0
7 9 1 0
8 9 1 0
9 9 1 3
10 9 1 3
11 9 5 3
12 9 5 3
13 9 5 3
14 9 1 3
0 10 1 4
1 10 2 4
2 10 5 4
3 10 1 4
4 10 1 4
5 10 1 4
6 10 1 0
7 10 1 0
8 10 1 0
9 10 1 3
10 10 1 3
11 10 2 3
12 10 5 3
13 10 5 3
14 10 5 3
0 11 3 4
1 11 2 4
2 11 5 4
3 11 5 4
4 11 5 4
5 11 5 4
6 11 1 0
7 11 1 0
8 11 1 0
9 11 1 3
10 11 1 3
11 11 1 3
12 11 5 3
13 11 0 3
14 11 5 3
0 12 1 4
1 12 5 4
2 12 3 4
3 12 5 4
4 12 0 4
5 12 5 4
6 12 1 0
7 12 1 0
8 12 1 0
9 12 1 3
10 12 1 3
11 12 1 3
12 12 5 3
13 12 5 3
14 12 5 3
0 13 1 4
1 13 4 4
2 13 5 4
3 13 5 4
4 13 5 4
5 13 5 4
6 13 1 0
7 13 1 0
8 13 1 0
9 13 1 3
10 13 1 3
11 13 1 3
12 13 1 3
13 13 5 3
14 13 4 3
0 14 2 4
1 14 3 4
2 14 5 4
3 14 2 4
4 14 1 4
5 14 1 4
6 14 3 0
7 14 5 0
8 14 1 0
9 14 1 3
10 14 1 3
11 14 5 3
12 14 4 3
13 14 5 3
14 14 2 3
#players
1 player1 0 1 10 1
2 player2 0 1 10 2
3 player3 0 1 10 3
4 player4 0 1 10 4

round 1
#corps
#tower
0 1 1 1 10 2 90 100 25 1 0
1 13 2 
2 13 11 
3 4 12 
#map
#players
1 player1 0 1 10 4
2 player2 0 1 10 3
3 player3 0 1 10 1
4 player4 0 1 10 2

round 2
#corps
#tower
0 1 1 
1 13 2 2 10 2 90 100 25 1 0
2 13 11 
3 4 12 
#map
#players
1 player1 0 1 10 3
2 player2 0 1 10 2
3 player3 0 1 10 1
4 player4 0 1 10 4

round 3
#corps
#tower
0 1 1 
1 13 2 
2 13 11 3 10 4 30 100 25 1 0
3 4 12 
#map
#players
1 player1 0 1 10 1
2 player2 0 1 10 2
3 player3 0 1 10 3
4 player4 0 1 10 4

round 4
#corps
#tower
0 1 1 
1 13 2 
2 13 11 
3 4 12 4 10 2 90 100 25 1 0
#map
#players
1 player1 0 1 10 4
2 player2 0 1 10 1
3 player3 0 1 10 2
4 player4 0 1 10 3

round 5
#corps
#tower
0 1 1 1 10 2 80 100 25 1 0
1 13 2 
2 13 11 
3 4 12 
#map
#players
1 player1 0 1 10 3
2 player2 0 1 10 1
3 player3 0 1 10 4
4 player4 0 1 10 2

round 6
#corps
#tower
0 1 1 
1 13 2 2 10 2 80 100 25 1 0
2 13 11 
3 4 12 
#map
#players
1 player1 0 1 10 1
2 player2 0 1 10 3
3 player3 0 1 10 4
4 player4 0 1 10 2

round 7
#corps
#tower
0 1 1 
1 13 2 
2 13 11 3 10 4 20 100 25 1 0
3 4 12 
#map
#players
1 player1 0 1 10 2
2 player2 0 1 10 4
3 player3 0 1 10 1
4 player4 0 1 10 3

round 8
#corps
#tower
0 1 1 
1 13 2 
2 13 11 
3 4 12 4 10 2 80 100 25 1 0
#map
#players
1 player1 0 1 10 3
2 player2 0 1 10 2
3 player3 0 1 10 4
4 player4 0 1 10 1

round 9
#corps
#tower
0 1 1 1 10 2 70 100 25 1 0
1 13 2 
2 13 11 
3 4 12 
#map
#players
1 player1 0 1 10 4
2 player2 0 1 10 3
3 player3 0 1 10 1
4 player4 0 1 10 2

round 10
#corps
#tower
0 1 1 
1 13 2 2 10 2 70 100 25 1 0
2 13 11 
3 4 12 
#map
#players
1 player1 0 1 10 2
2 player2 0 1 10 4
3 player3 0 1 10 3
4 player4 0 1 10 1

round 11
#corps
#tower
0 1 1 
1 13 2 
2 13 11 3 10 4 10 100 25 1 0
3 4 12 
#map
#players
1 player1 0 1 10 1
2 player2 0 1 10 2
3 player3 0 1 10 4
4 player4 0 1 10 3

round 12
#corps
#tower
0 1 1 
1 13 2 
2 13 11 
3 4 12 4 10 2 70 100 25 1 0
#map
#players
1 player1 0 1 10 1
2 player2 0 1 10 4
3 player3 0 1 10 3
4 player4 0 1 10 2

round 13
#corps
#tower
0 1 1 1 10 2 60 100 25 1 0
1 13 2 
2 13 11 
3 4 12 
#map
#players
1 player1 0 1 10 2
2 player2 0 1 10 3
3 player3 0 1 10 4
4 player4 0 1 10 1

round 14
#corps
#tower
0 1 1 
1 13 2 2 10 2 60 100 25 1 0
2 13 11 
3 4 12 
#map
#players
1 player1 0 1 10 1
2 player2 0 1 10 4
3 player3 0 1 10 3
4 player4 0 1 10 2

round 15
#corps
0 13 11 3 4 0 2 -1 -1 1 
#tower
0 1 1 
1 13 2 
2 13 11 3 10 -1 -1 100 25 1 0
3 4 12 
#map
#players
1 player1 0 1 10 4
2 player2 0 1 10 2
3 player3 1 1 14 1
4 player4 0 1 10 3

round 16
#corps
0 13 11 
#tower
0 1 1 
1 13 2 
2 13 11 
3 4 12 4 10 2 60 100 25 1 0
#map
#players
1 player1 0 1 10 4
2 player2 0 1 10 2
3 player3 1 1 14 1
4 player4 0 1 10 3

round 17
#corps
0 13 11 
#tower
0 1 1 1 10 2 50 100 25 1 0
1 13 2 
2 13 11 
3 4 12 
#map
#players
1 player1 0 1 10 2
2 player2 0 1 10 4
3 player3 1 1 14 1
4 player4 0 1 10 3

round 18
#corps
0 13 11 
#tower
0 1 1 
1 13 2 2 10 2 50 100 25 1 0
2 13 11 
3 4 12 
#map
#players
1 player1 0 1 10 4
2 player2 0 1 10 2
3 player3 1 1 14 1
4 player4 0 1 10 3

round 19
#corps
#tower
0 1 1 
1 13 2 
2 13 11 3 10 4 30 100 25 1 0
3 4 12 
4 14 11 3 10 -1 -1 100 25 1 1
#map
9 6 2 3
10 6 5 3
11 6 5 3
12 6 5 3
13 6 5 3
14 6 2 3
9 7 1 3
10 7 1 3
11 7 2 3
12 7 2 3
13 7 4 3
14 7 1 3
9 8 1 3
10 8 1 3
11 8 1 3
12 8 1 3
13 8 4 3
14 8 1 3
14 11 0 3
#players
1 player1 0 1 10 3
2 player2 0 1 10 2
3 player3 0 2 20 1
4 player4 0 1 10 4

round 20
#corps
#tower
0 1 1 
1 13 2 
2 13 11 
3 4 12 4 10 2 50 100 25 1 0
4 14 11 
#map
#players
1 player1 0 1 10 3
2 player2 0 1 10 2
3 player3 0 2 20 1
4 player4 0 1 10 4

round 21
#corps
#tower
0 1 1 1 10 2 40 100 25 1 0
1 13 2 
2 13 11 
3 4 12 
4 14 11 
#map
#players
1 player1 0 1 10 4
2 player2 0 1 10 2
3 player3 0 2 20 1
4 player4 0 1 10 3

round 22
#corps
#tower
0 1 1 
1 13 2 2 10 2 40 100 25 1 0
2 13 11 
3 4 12 
4 14 11 
#map
#players
1 player1 0 1 10 4
2 player2 0 1 10 2
3 player3 0 2 20 1
4 player4 0 1 10 3

round 23
#corps
#tower
0 1 1 
1 13 2 
2 13 11 3 10 4 20 100 25 1 0
3 4 12 
4 14 11 3 10 4 30 100 25 1 0
#map
#players
1 player1 0 1 10 4
2 player2 0 1 10 3
3 player3 0 2 20 1
4 player4 0 1 10 2

round 24
#corps
#tower
0 1 1 
1 13 2 
2 13 11 
3 4 12 4 10 2 40 100 25 1 0
4 14 11 
#map
#players
1 player1 0 1 10 4
2 player2 0 1 10 3
3 player3 0 2 20 1
4 player4 0 1 10 2

round 25
#corps
#tower
0 1 1 1 10 2 30 100 25 1 0
1 13 2 
2 13 11 
3 4 12 
4 14 11 
#map
#players
1 player1 0 1 10 3
2 player2 0 1 10 2
3 player3 0 2 20 1
4 player4 0 1 10 4

round 26
#corps
#tower
0 1 1 
1 13 2 2 10 2 30 100 25 1 0
2 13 11 
3 4 12 
4 14 11 
#map
#players
1 player1 0 1 10 2
2 player2 0 1 10 3
3 player3 0 2 20 1
4 player4 0 1 10 4

round 27
#corps
#tower
0 1 1 
1 13 2 
2 13 11 3 10 4 10 100 25 1 0
3 4 12 
4 14 11 3 10 4 20 100 25 1 0
#map
#players
1 player1 0 1 10 3
2 player2 0 1 10 4
3 player3 0 2 20 1
4 player4 0 1 10 2

round 28
#corps
#tower
0 1 1 
1 13 2 
2 13 11 
3 4 12 4 10 2 30 100 25 1 0
4 14 11 
#map
#players
1 player1 0 1 10 3
2 player2 0 1 10 4
3 player3 0 2 20 1
4 player4 0 1 10 2

round 29
#corps
#tower
0 1 1 1 10 2 20 100 25 1 0
1 13 2 
2 13 11 
3 4 12 
4 14 11 
#map
#players
1 player1 0 1 10 2
2 player2 0 1 10 4
3 player3 0 2 20 1
4 player4 0 1 10 3

round 30
#corps
#tower
0 1 1 
1 13 2 2 10 2 20 100 25 1 0
2 13 11 
3 4 12 
4 14 11 
#map
#players
1 player1 0 1 10 2
2 player2 0 1 10 4
3 player3 0 2 20 1
4 player4 0 1 10 3

round 31
#corps
1 13 11 3 4 0 2 -1 -1 1 
#tower
0 1 1 
1 13 2 
2 13 11 3 10 -1 -1 100 25 1 0
3 4 12 
4 14 11 3 10 4 10 100 25 1 0
#map
#players
1 player1 0 1 10 2
2 player2 0 1 10 4
3 player3 1 2 24 1
4 player4 0 1 10 3

round 32
#corps
1 13 11 
#tower
0 1 1 
1 13 2 
2 13 11 
3 4 12 4 10 2 20 100 25 1 0
4 14 11 
#map
#players
1 player1 0 1 10 4
2 player2 0 1 10 2
3 player3 1 2 24 1
4 player4 0 1 10 3

round 33
#corps
1 13 11 
#tower
0 1 1 1 10 2 10 100 25 1 0
1 13 2 
2 13 11 
3 4 12 
4 14 11 
#map
#players
1 player1 0 1 10 2
2 player2 0 1 10 3
3 player3 1 2 24 1
4 player4 0 1 10 4

round 34
#corps
1 13 11 
#tower
0 1 1 
1 13 2 2 10 2 10 100 25 1 0
2 13 11 
3 4 12 
4 14 11 
#map
#players
1 player1 0 1 10 2
2 player2 0 1 10 4
3 player3 1 2 24 1
4 player4 0 1 10 3

round 35
#corps
2 14 11 3 4 0 2 -1 -1 1 
#tower
0 1 1 
1 13 2 
2 13 11 3 10 4 30 100 25 1 0
3 4 12 
4 14 11 3 10 -1 -1 100 25 1 0
5 12 11 3 10 -1 -1 100 25 1 1
#map
7 6 3 3
8 6 2 3
7 7 1 3
8 7 2 3
7 8 1 3
8 8 1 3
7 9 1 3
8 9 1 3
7 10 1 3
8 10 1 3
7 11 1 3
8 11 1 3
12 11 0 3
7 12 1 3
8 12 1 3
7 13 1 3
8 13 1 3
7 14 5 3
8 14 1 3
#players
1 player1 0 1 10 3
2 player2 0 1 10 4
3 player3 1 3 34 1
4 player4 0 1 10 2

round 36
#corps
2 14 11 
#tower
0 1 1 
1 13 2 
2 13 11 
3 4 12 4 10 2 10 100 25 1 0
4 14 11 
5 12 11 
#map
#players
1 player1 0 1 10 3
2 player2 0 1 10 4
3 player3 1 3 34 1
4 player4 0 1 10 2

round 37
#corps
2 14 11 
3 1 1 1 2 -1 4 44 70 1 
#tower
0 1 1 1 10 -1 -1 100 25 1 0
1 13 2 
2 13 11 
3 4 12 
4 14 11 
5 12 11 
#map
#players
1 player1 1 1 14 2
2 player2 0 1 10 3
3 player3 1 3 34 1
4 player4 0 1 10 4

round 38
#corps
2 14 11 
3 1 1 
4 13 2 2 2 -1 4 44 70 1 
#tower
0 1 1 
1 13 2 2 10 -1 -1 100 25 1 0
2 13 11 
3 4 12 
4 14 11 
5 12 11 
#map
#players
1 player1 1 1 14 2
2 player2 1 1 14 3
3 player3 1 3 34 1
4 player4 0 1 10 4

round 39
#corps
3 1 1 
4 13 2 
#tower
0 1 1 
1 13 2 
2 13 11 3 10 4 20 100 25 1 0
3 4 12 
4 14 11 3 10 4 30 100 25 1 0
5 12 11 3 10 4 30 100 25 1 0
6 14 12 3 10 -1 -1 100 25 1 1
#map
14 12 0 3
#players
1 player1 1 1 14 3
2 player2 1 1 14 2
3 player3 0 4 40 1
4 player4 0 1 10 4

round 40
#corps
3 1 1 
4 13 2 
5 4 12 4 2 -1 4 44 70 1 
#tower
0 1 1 
1 13 2 
2 13 11 
3 4 12 4 10 -1 -1 100 25 1 0
4 14 11 
5 12 11 
6 14 12 
#map
#players
1 player1 1 1 14 4
2 player2 1 1 14 3
3 player3 0 4 40 1
4 player4 1 1 14 2

round 41
#corps
3 2 1 1 2 -1 3 44 70 0 
4 13 2 
5 4 12 
#tower
0 1 1 1 10 2 90 100 25 1 0
1 13 2 
2 13 11 
3 4 12 
4 14 11 
5 12 11 
6 14 12 
#map
#players
1 player1 1 1 14 3
2 player2 1 1 14 4
3 player3 0 4 40 1
4 player4 1 1 14 2

round 42
#corps
3 2 1 
4 13 3 2 2 -1 3 44 70 0 
5 4 12 
#tower
0 1 1 
1 13 2 2 10 2 90 100 25 1 0
2 13 11 
3 4 12 
4 14 11 
5 12 11 
6 14 12 
#map
#players
1 player1 1 1 14 4
2 player2 1 1 14 3
3 player3 0 4 40 1
4 player4 1 1 14 2

round 43
#corps
3 2 1 
4 13 3 
5 4 12 
#tower
0 1 1 
1 13 2 
2 13 11 3 10 4 10 100 25 1 0
3 4 12 
4 14 11 3 10 4 20 100 25 1 0
5 12 11 3 10 4 20 100 25 1 0
6 14 12 3 10 4 30 100 25 1 0
#map
#players
1 player1 1 1 14 4
2 player2 1 1 14 2
3 player3 0 4 40 1
4 player4 1 1 14 3

round 44
#corps
3 2 1 
4 13 3 
5 5 12 4 2 -1 3 44 70 0 
#tower
0 1 1 
1 13 2 
2 13 11 
3 4 12 4 10 2 90 100 25 1 0
4 14 11 
5 12 11 
6 14 12 
#map
#players
1 player1 1 1 14 3
2 player2 1 1 14 2
3 player3 0 4 40 1
4 player4 1 1 14 4

round 45
#corps
3 3 1 1 2 -1 1 49 70 0 
4 13 3 
5 5 12 
#tower
0 1 1 1 10 2 80 100 25 1 0
1 13 2 
2 13 11 
3 4 12 
4 14 11 
5 12 11 
6 14 12 
#map
#players
1 player1 1 1 14 3
2 player2 1 1 14 4
3 player3 0 4 40 1
4 player4 1 1 14 2

round 46
#corps
3 3 1 
4 13 4 2 2 -1 2 44 70 0 
5 5 12 
#tower
0 1 1 
1 13 2 2 10 2 80 100 25 1 0
2 13 11 
3 4 12 
4 14 11 
5 12 11 
6 14 12 
#map
#players
1 player1 1 1 14 4
2 player2 1 1 14 3
3 player3 0 4 40 1
4 player4 1 1 14 2

round 47
#corps
3 3 1 
4 13 4 
5 5 12 
6 13 11 3 4 0 2 -1 -1 1 
#tower
0 1 1 
1 13 2 
2 13 11 3 10 -1 -1 100 25 1 0
3 4 12 
4 14 11 3 10 4 10 100 25 1 0
5 12 11 3 10 4 10 100 25 1 0
6 14 12 3 10 4 20 100 25 1 0
#map
#players
1 player1 1 1 14 2
2 player2 1 1 14 4
3 player3 1 4 44 1
4 player4 1 1 14 3

round 48
#corps
3 3 1 
4 13 4 
5 6 12 4 2 -1 2 44 70 0 
6 13 11 
#tower
0 1 1 
1 13 2 
2 13 11 
3 4 12 4 10 2 80 100 25 1 0
4 14 11 
5 12 11 
6 14 12 
#map
#players
1 player1 1 1 14 2
2 player2 1 1 14 4
3 player3 1 4 44 1
4 player4 1 1 14 3

round 49
#corps
3 4 1 1 2 -1 0 47 70 0 
4 13 4 
5 6 12 
6 13 11 
#tower
0 1 1 1 10 2 70 100 25 1 0
1 13 2 
2 13 11 
3 4 12 
4 14 11 
5 12 11 
6 14 12 
#map
#players
1 player1 1 1 14 2
2 player2 1 1 14 3
3 player3 1 4 44 1
4 player4 1 1 14 4

round 50
#corps
3 4 1 
4 13 5 2 2 -1 2 44 70 0 
5 6 12 
6 13 11 
#tower
0 1 1 
1 13 2 2 10 2 70 100 25 1 0
2 13 11 
3 4 12 
4 14 11 
5 12 11 
6 14 12 
#map
#players
1 player1 1 1 14 3
2 player2 1 1 14 4
3 player3 1 4 44 1
4 player4 1 1 14 2

round 51
#corps
3 4 1 
4 13 5 
5 6 12 
7 14 11 3 4 0 2 -1 -1 1 
8 12 11 3 4 0 2 -1 -1 1 
#tower
0 1 1 
1 13 2 
2 13 11 3 10 4 30 100 25 1 0
3 4 12 
4 14 11 3 10 -1 -1 100 25 1 0
5 12 11 3 10 -1 -1 100 25 1 0
6 14 12 3 10 4 10 100 25 1 0
7 13 12 3 10 -1 -1 100 25 1 1
#map
13 12 0 3
#players
1 player1 1 1 14 4
2 player2 1 1 14 3
3 player3 2 5 58 1
4 player4 1 1 14 2

round 52
#corps
3 4 1 
4 13 5 
5 7 12 4 2 -1 2 44 70 0 
7 14 11 
8 12 11 
#tower
0 1 1 
1 13 2 
2 13 11 
3 4 12 4 10 2 70 100 25 1 0
4 14 11 
5 12 11 
6 14 12 
7 13 12 
#map
#players
1 player1 1 1 14 4
2 player2 1 1 14 3
3 player3 2 5 58 1
4 player4 1 1 14 2

round 53
#corps
3 5 1 1 2 -1 1 44 70 0 
4 13 5 
5 7 12 
7 14 11 
8 12 11 
#tower
0 1 1 1 10 2 60 100 25 1 0
1 13 2 
2 13 11 
3 4 12 
4 14 11 
5 12 11 
6 14 12 
7 13 12 
#map
#players
1 player1 1 1 14 3
2 player2 1 1 14 4
3 player3 2 5 58 1
4 player4 1 1 14 2

round 54
#corps
3 5 1 
4 13 6 2 2 -1 3 44 70 0 
5 7 12 
7 14 11 
8 12 11 
#tower
0 1 1 
1 13 2 2 10 2 60 100 25 1 0
2 13 11 
3 4 12 
4 14 11 
5 12 11 
6 14 12 
7 13 12 
#map
#players
1 player1 1 1 14 3
2 player2 1 1 14 2
3 player3 2 5 58 1
4 player4 1 1 14 4

round 55
#corps
3 5 1 
4 13 6 
5 7 12 
9 14 12 3 4 0 2 -1 -1 1 
#tower
0 1 1 
1 13 2 
2 13 11 3 10 4 20 100 25 1 0
3 4 12 
4 14 11 3 10 4 30 100 25 1 0
5 12 11 3 10 4 30 100 25 1 0
6 14 12 3 10 -1 -1 100 25 1 0
7 13 12 3 10 4 30 100 25 1 0
8 14 10 3 10 -1 -1 100 25 1 1
9 11 11 3 10 -1 -1 100 25 1 1
#map
6 6 1 3
6 7 1 3
6 8 1 3
6 9 1 3
6 10 1 3
14 10 0 3
6 11 1 3
11 11 0 3
6 12 1 3
6 13 1 3
6 14 3 3
#players
1 player1 1 1 14 4
2 player2 1 1 14 2
3 player3 1 7 74 1
4 player4 1 1 14 3

round 56
#corps
3 5 1 
4 13 6 
5 8 12 4 2 -1 2 44 70 0 
9 14 12 
#tower
0 1 1 
1 13 2 
2 13 11 
3 4 12 4 10 2 60 100 25 1 0
4 14 11 
5 12 11 
6 14 12 
7 13 12 
8 14 10 
9 11 11 
#map
#players
1 player1 1 1 14 2
2 player2 1 1 14 4
3 player3 1 7 74 1
4 player4 1 1 14 3

round 57
#corps
3 6 1 1 2 -1 1 47 70 0 
4 13 6 
5 8 12 
9 14 12 
#tower
0 1 1 1 10 2 50 100 25 1 0
1 13 2 
2 13 11 
3 4 12 
4 14 11 
5 12 11 
6 14 12 
7 13 12 
8 14 10 
9 11 11 
#map
#players
1 player1 1 1 14 3
2 player2 1 1 14 2
3 player3 1 7 74 1
4 player4 1 1 14 4

round 58
#corps
3 6 1 
4 13 7 2 2 -1 1 41 70 0 
5 8 12 
9 14 12 
#tower
0 1 1 
1 13 2 2 10 2 50 100 25 1 0
2 13 11 
3 4 12 
4 14 11 
5 12 11 
6 14 12 
7 13 12 
8 14 10 
9 11 11 
#map
#players
1 player1 1 1 14 2
2 player2 1 1 14 4
3 player3 1 7 74 1
4 player4 1 1 14 3

round 59
#corps
3 6 1 
4 13 7 
5 8 12 
9 14 12 
#tower
0 1 1 
1 13 2 
2 13 11 3 10 4 10 100 25 1 0
3 4 12 
4 14 11 3 10 5 30 100 25 1 0
5 12 11 3 10 4 20 100 25 1 0
6 14 12 3 10 4 30 100 25 1 0
7 13 12 3 10 4 20 100 25 1 0
8 14 10 3 10 4 30 100 25 1 0
9 11 11 3 10 4 30 100 25 1 0
#map
#players
1 player1 1 1 14 4
2 player2 1 1 14 3
3 player3 1 7 74 1
4 player4 1 1 14 2

round 60
#corps
3 6 1 
4 13 7 
5 9 12 4 2 -1 2 44 70 0 
9 14 12 
#tower
0 1 1 
1 13 2 
2 13 11 
3 4 12 4 10 2 50 100 25 1 0
4 14 11 
5 12 11 
6 14 12 
7 13 12 
8 14 10 
9 11 11 
#map
#players
1 player1 1 1 14 4
2 player2 1 1 14 2
3 player3 1 7 74 1
4 player4 1 1 14 3

round 61
#corps
3 7 1 1 2 -1 0 41 70 0 
4 13 7 
5 9 12 
9 14 12 
#tower
0 1 1 1 10 2 40 100 25 1 0
1 13 2 
2 13 11 
3 4 12 
4 14 11 
5 12 11 
6 14 12 
7 13 12 
8 14 10 
9 11 11 
#map
#players
1 player1 1 1 14 4
2 player2 1 1 14 3
3 player3 1 7 74 1
4 player4 1 1 14 2

round 62
#corps
3 7 1 
4 13 8 2 2 -1 0 41 70 0 
5 9 12 
9 14 12 
#tower
0 1 1 
1 13 2 2 10 2 40 100 25 1 0
2 13 11 
3 4 12 
4 14 11 
5 12 11 
6 14 12 
7 13 12 
8 14 10 
9 11 11 
#map
#players
1 player1 1 1 14 4
2 player2 1 1 14 3
3 player3 1 7 74 1
4 player4 1 1 14 2

round 63
#corps
3 7 1 
4 13 8 
5 9 12 
9 14 12 
10 13 11 3 4 0 2 -1 -1 1 
#tower
0 1 1 
1 13 2 
2 13 11 3 10 -1 -1 100 25 1 0
3 4 12 
4 14 11 3 10 5 20 100 25 1 0
5 12 11 3 10 4 10 100 25 1 0
6 14 12 3 10 4 20 100 25 1 0
7 13 12 3 10 4 10 100 25 1 0
8 14 10 3 10 4 20 100 25 1 0
9 11 11 3 10 4 20 100 25 1 0
#map
#players
1 player1 1 1 14 3
2 player2 1 1 14 4
3 player3 2 7 78 1
4 player4 1 1 14 2

round 64
#corps
3 7 1 
4 13 8 
5 10 12 4 2 -1 0 36 57 0 
9 14 12 
10 13 11 
#tower
0 1 1 
1 13 2 
2 13 11 
3 4 12 4 10 2 40 100 25 1 0
4 14 11 
5 12 11 
6 14 12 
7 13 12 
8 14 10 
9 11 11 3 10 4 20 68 25 1 0
#map
#players
1 player1 1 1 14 4
2 player2 1 1 14 3
3 player3 2 7 78 1
4 player4 1 1 14 2

round 65
#corps
3 8 1 1 2 -1 1 44 70 0 
4 13 8 
5 10 12 
9 14 12 
10 13 11 
#tower
0 1 1 1 10 2 30 100 25 1 0
1 13 2 
2 13 11 
3 4 12 
4 14 11 
5 12 11 
6 14 12 
7 13 12 
8 14 10 
9 11 11 
#map
#players
1 player1 1 1 14 3
2 player2 1 1 14 2
3 player3 2 7 78 1
4 player4 1 1 14 4

round 66
#corps
3 8 1 
4 13 9 2 2 -1 0 36 57 0 
5 10 12 
9 14 12 
10 13 11 
#tower
0 1 1 
1 13 2 2 10 2 30 100 25 1 0
2 13 11 
3 4 12 
4 14 11 
5 12 11 
6 14 12 
7 13 12 
8 14 10 3 10 4 20 68 25 1 0
9 11 11 
#map
#players
1 player1 1 1 14 2
2 player2 1 1 14 3
3 player3 2 7 78 1
4 player4 1 1 14 4

round 67
#corps
3 8 1 
4 13 9 
5 10 12 
9 14 12 
11 12 11 3 4 0 2 -1 -1 1 
12 13 12 3 4 0 2 -1 -1 1 
#tower
0 1 1 
1 13 2 
2 13 11 3 10 4 30 100 25 1 0
3 4 12 
4 14 11 
5 12 11 3 10 -1 -1 100 25 1 0
6 14 12 3 10 4 10 100 25 1 0
7 13 12 3 10 -1 -1 100 25 1 0
8 14 10 3 10 4 10 68 25 1 0
9 11 11 3 10 4 10 68 25 1 0
10 13 10 3 10 -1 -1 100 25 1 1
#map
8 5 1 3
9 5 3 -1
13 10 0 3
#players
1 player1 1 1 14 2
2 player2 1 1 14 4
3 player3 3 8 92 1
4 player4 1 1 14 3

round 68
#corps
3 8 1 
4 13 9 
5 11 12 4 2 -1 0 24 38 0 
9 14 12 
11 12 11 
12 13 12 
#tower
0 1 1 
1 13 2 
2 13 11 
3 4 12 4 10 2 30 100 25 1 0
4 14 11 
5 12 11 3 10 -1 -1 79 25 1 0
6 14 12 
7 13 12 
8 14 10 
9 11 11 
10 13 10 
#map
#players
1 player1 1 1 14 2
2 player2 1 1 14 3
3 player3 3 8 92 1
4 player4 1 1 14 4

round 69
#corps
3 9 1 1 2 -1 2 44 70 0 
4 13 9 
5 11 12 
9 14 12 
11 12 11 
12 13 12 
#tower
0 1 1 1 10 2 20 100 25 1 0
1 13 2 
2 13 11 
3 4 12 
4 14 11 
5 12 11 
6 14 12 
7 13 12 
8 14 10 
9 11 11 
10 13 10 
#map
#players
1 player1 1 1 14 3
2 player2 1 1 14 2
3 player3 3 8 92 1
4 player4 1 1 14 4

round 70
#corps
3 9 1 
4 13 9 2 2 -1 0 25 39 0 
5 11 12 
9 14 12 
11 12 11 
12 13 12 
#tower
0 1 1 
1 13 2 2 10 2 20 100 25 1 0
2 13 11 
3 4 12 
4 14 11 
5 12 11 
6 14 12 
7 13 12 
8 14 10 3 10 4 10 45 25 1 0
9 11 11 
10 13 10 
#map
#players
1 player1 1 1 14 4
2 player2 1 1 14 2
3 player3 3 8 92 1
4 player4 1 1 14 3

round 71
#corps
3 9 1 
4 13 9 
5 11 12 
9 14 12 
12 13 12 
#tower
0 1 1 
1 13 2 
2 13 11 
3 4 12 
4 14 11 
5 12 11 3 10 -1 -1 79 25 1 0
6 14 12 
7 13 12 3 10 -1 -1 100 25 1 0
8 14 10 3 10 3 30 45 25 1 0
9 11 11 
10 13 10 3 10 -1 -1 100 25 1 0
11 12 12 3 10 -1 -1 100 25 1 1
#map
12 12 0 3
#players
1 player1 1 1 14 3
2 player2 1 1 14 4
3 player3 2 9 98 1
4 player4 1 1 14 2

round 72
#corps
3 9 1 
4 13 9 
5 11 12 4 2 -1 0 6 9 0 
9 14 12 
12 13 12 
#tower
0 1 1 
1 13 2 
2 13 11 
3 4 12 4 10 2 20 100 25 1 0
4 14 11 
5 12 11 3 10 -1 -1 65 25 1 0
6 14 12 
7 13 12 
8 14 10 
9 11 11 
10 13 10 
11 12 12 
#map
#players
1 player1 1 1 14 3
2 player2 1 1 14 2
3 player3 2 9 98 1
4 player4 1 1 14 4

round 73
#corps
3 10 1 1 2 -1 2 44 70 0 
4 13 9 
5 11 12 
9 14 12 
12 13 12 
#tower
0 1 1 1 10 2 10 100 25 1 0
1 13 2 
2 13 11 
3 4 12 
4 14 11 
5 12 11 
6 14 12 
7 13 12 
8 14 10 
9 11 11 
10 13 10 
11 12 12 
#map
#players
1 player1 1 1 14 3
2 player2 1 1 14 2
3 player3 2 9 98 1
4 player4 1 1 14 4

round 74
#corps
3 10 1 
4 13 9 2 2 -1 0 7 11 0 
5 11 12 
9 14 12 
12 13 12 
#tower
0 1 1 
1 13 2 2 10 2 10 100 25 1 0
2 13 11 
3 4 12 
4 14 11 
5 12 11 
6 14 12 
7 13 12 
8 14 10 3 10 3 30 30 25 1 0
9 11 11 
10 13 10 
11 12 12 
#map
#players
1 player1 1 1 14 4
2 player2 1 1 14 3
3 player3 2 9 98 1
4 player4 1 1 14 2

round 75
#corps
3 10 1 
4 13 9 
5 11 12 
9 14 12 
12 13 12 
#tower
0 1 1 
1 13 2 
2 13 11 
3 4 12 
4 14 11 
5 12 11 3 10 3 30 65 25 1 0
6 14 12 
7 13 12 3 10 -1 -1 100 25 1 0
8 14 10 3 10 3 20 30 25 1 0
9 11 11 
10 13 10 3 10 -1 -1 100 25 1 0
11 12 12 3 10 -1 -1 100 25 1 0
#map
#players
1 player1 1 1 14 3
2 player2 1 1 14 4
3 player3 2 9 98 1
4 player4 1 1 14 2

round 76
#corps
3 10 1 
4 13 9 
9 14 12 
12 13 12 
#tower
0 1 1 
1 13 2 
2 13 11 
3 4 12 4 10 2 10 100 25 1 0
4 14 11 
5 12 11 3 10 3 30 58 25 1 0
6 14 12 
7 13 12 
8 14 10 
9 11 11 
10 13 10 
11 12 12 
#map
#players
1 player1 1 1 14 3
2 player2 1 1 14 2
3 player3 2 9 98 1
4 player4 0 1 10 4

round 77
#corps
3 11 1 1 2 -1 2 44 70 0 
4 13 9 
9 14 12 
12 13 12 
13 1 1 1 2 -1 4 44 70 1 
#tower
0 1 1 1 10 -1 -1 100 25 1 0
1 13 2 
2 13 11 
3 4 12 
4 14 11 
5 12 11 
6 14 12 
7 13 12 
8 14 10 
9 11 11 
10 13 10 
11 12 12 
#map
#players
1 player1 2 1 18 2
2 player2 1 1 14 3
3 player3 2 9 98 1
4 player4 0 1 10 4

round 78
#corps
3 11 1 
9 14 12 
12 13 12 
13 1 1 
14 13 2 2 2 -1 4 44 70 1 
#tower
0 1 1 
1 13 2 2 10 -1 -1 100 25 1 0
2 13 11 
3 4 12 
4 14 11 
5 12 11 
6 14 12 
7 13 12 
8 14 10 3 10 3 20 23 25 1 0
9 11 11 
10 13 10 
11 12 12 
#map
#players
1 player1 2 1 18 2
2 player2 1 1 14 3
3 player3 2 9 98 1
4 player4 0 1 10 4

round 79
#corps
3 11 1 
9 14 12 
12 13 12 
13 1 1 
14 13 2 
#tower
0 1 1 
1 13 2 
2 13 11 3 10 5 30 100 25 1 0
3 4 12 
4 14 11 
5 12 11 3 10 3 20 58 25 1 0
6 14 12 
7 13 12 3 10 5 30 100 25 1 0
8 14 10 3 10 3 10 23 25 1 0
9 11 11 3 10 5 30 68 25 1 0
10 13 10 3 10 5 30 100 25 1 0
11 12 12 3 10 -1 -1 100 25 1 0
#map
#players
1 player1 2 1 18 2
2 player2 1 1 14 3
3 player3 2 9 98 1
4 player4 0 1 10 4

round 80
#corps
3 11 1 
9 14 12 
12 13 12 
13 1 1 
14 13 2 
15 4 12 4 2 -1 4 44 70 1 
#tower
0 1 1 
1 13 2 
2 13 11 
3 4 12 4 10 -1 -1 100 25 1 0
4 14 11 
5 12 11 
6 14 12 
7 13 12 
8 14 10 
9 11 11 
10 13 10 
11 12 12 
#map
#players
1 player1 2 1 18 2
2 player2 1 1 14 3
3 player3 2 9 98 1
4 player4 1 1 14 4

round 81
#corps
3 12 1 1 2 -1 2 44 70 0 
9 14 12 
12 13 12 
13 2 1 1 2 -1 3 44 70 0 
14 13 2 
15 4 12 
#tower
0 1 1 1 10 2 90 100 25 1 0
1 13 2 
2 13 11 
3 4 12 
4 14 11 
5 12 11 
6 14 12 
7 13 12 
8 14 10 
9 11 11 
10 13 10 
11 12 12 
#map
#players
1 player1 2 1 18 2
2 player2 1 1 14 3
3 player3 2 9 98 1
4 player4 1 1 14 4

round 82
#corps
3 12 1 
9 14 12 
12 13 12 
13 2 1 
14 13 3 2 2 -1 3 44 70 0 
15 4 12 
#tower
0 1 1 
1 13 2 2 10 2 90 100 25 1 0
2 13 11 
3 4 12 
4 14 11 
5 12 11 
6 14 12 
7 13 12 
8 14 10 
9 11 11 
10 13 10 
11 12 12 
#map
#players
1 player1 2 1 18 2
2 player2 1 1 14 4
3 player3 2 9 98 1
4 player4 1 1 14 3

round 83
#corps
3 12 1 
9 14 12 
12 13 12 
13 2 1 
14 13 3 
15 4 12 
16 14 10 3 3 3 2 -1 -1 1 
#tower
0 1 1 
1 13 2 
2 13 11 3 10 5 20 100 25 1 0
3 4 12 
4 14 11 
5 12 11 3 10 3 10 58 25 1 0
6 14 12 
7 13 12 3 10 5 20 100 25 1 0
8 14 10 3 10 -1 -1 23 25 1 0
9 11 11 3 10 5 20 68 25 1 0
10 13 10 3 10 5 20 100 25 1 0
11 12 12 3 10 -1 -1 100 25 1 0
#map
#players
1 player1 2 1 18 2
2 player2 1 1 14 3
3 player3 3 9 102 1
4 player4 1 1 14 4

round 84
#corps
3 12 1 
9 14 12 
12 13 12 
13 2 1 
14 13 3 
15 5 12 4 2 -1 3 44 70 0 
16 14 10 
#tower
0 1 1 
1 13 2 
2 13 11 
3 4 12 4 10 2 90 100 25 1 0
4 14 11 
5 12 11 
6 14 12 
7 13 12 
8 14 10 
9 11 11 
10 13 10 
11 12 12 
#map
#players
1 player1 2 1 18 2
2 player2 1 1 14 3
3 player3 3 9 102 1
4 player4 1 1 14 4

round 85
#corps
3 13 1 1 2 -1 3 44 70 0 
9 14 12 
12 13 12 
13 3 1 1 2 -1 1 49 70 0 
14 13 3 
15 5 12 
16 14 10 
#tower
0 1 1 1 10 2 80 100 25 1 0
1 13 2 
2 13 11 
3 4 12 
4 14 11 
5 12 11 
6 14 12 
7 13 12 
8 14 10 
9 11 11 
10 13 10 
11 12 12 
#map
#players
1 player1 2 1 18 2
2 player2 1 1 14 4
3 player3 3 9 102 1
4 player4 1 1 14 3

round 86
#corps
3 13 1 
9 14 12 
12 13 12 
13 3 1 
14 13 4 2 2 -1 2 44 70 0 
15 5 12 
16 14 10 
#tower
0 1 1 
1 13 2 2 10 2 80 100 25 1 0
2 13 11 
3 4 12 
4 14 11 
5 12 11 
6 14 12 
7 13 12 
8 14 10 
9 11 11 
10 13 10 
11 12 12 
#map
#players
1 player1 2 1 18 2
2 player2 1 1 14 4
3 player3 3 9 102 1
4 player4 1 1 14 3

round 87
#corps
3 13 1 
9 14 12 
12 13 12 
13 3 1 
14 13 4 
15 5 12 
16 14 10 3 3 2 0 -1 -1 0 
17 12 11 3 3 3 2 -1 -1 1 
#tower
0 1 1 
1 13 2 
2 13 11 3 10 5 10 100 25 1 0
3 4 12 
4 14 11 
5 12 11 3 10 -1 -1 58 25 1 0
6 14 12 
7 13 12 3 10 5 10 100 25 1 0
8 14 10 3 10 3 30 56 25 1 0
9 11 11 3 10 5 10 68 25 1 0
10 13 10 3 10 5 10 100 25 1 0
11 12 12 3 10 -1 -1 100 25 1 0
#map
#players
1 player1 2 1 18 2
2 player2 1 1 14 4
3 player3 4 9 106 1
4 player4 1 1 14 3

round 88
#corps
3 13 1 
9 14 12 
12 13 12 
13 3 1 
14 13 4 
15 6 12 4 2 -1 2 44 70 0 
16 14 10 
17 12 11 
#tower
0 1 1 
1 13 2 
2 13 11 
3 4 12 4 10 2 80 100 25 1 0
4 14 11 
5 12 11 
6 14 12 
7 13 12 
8 14 10 
9 11 11 
10 13 10 
11 12 12 
#map
#players
1 player1 2 1 18 2
2 player2 1 1 14 4
3 player3 4 9 106 1
4 player4 1 1 14 3

round 89
#corps
3 13 1 1 2 -1 4 44 70 0 
9 14 12 
12 13 12 
13 4 1 1 2 -1 0 47 70 0 
14 13 4 
15 6 12 
16 14 10 
17 12 11 
#tower
0 1 1 1 10 2 70 100 25 1 0
1 13 2 
2 13 11 
3 4 12 
4 14 11 
5 12 11 
6 14 12 
7 13 12 
8 14 10 
9 11 11 
10 13 10 
11 12 12 
#map
#players
1 player1 2 1 18 2
2 player2 1 1 14 3
3 player3 4 9 106 1
4 player4 1 1 14 4

round 90
#corps
3 13 1 
9 14 12 
12 13 12 
13 4 1 
14 13 5 2 2 -1 2 44 70 0 
15 6 12 
16 14 10 
17 12 11 
#tower
0 1 1 
1 13 2 2 10 2 70 100 25 1 0
2 13 11 
3 4 12 
4 14 11 
5 12 11 
6 14 12 
7 13 12 
8 14 10 
9 11 11 
10 13 10 
11 12 12 
#map
#players
1 player1 2 1 18 2
2 player2 1 1 14 3
3 player3 4 9 106 1
4 player4 1 1 14 4

round 91
#corps
3 13 1 
9 14 12 
12 13 12 
13 4 1 
14 13 5 
15 6 12 
16 14 10 3 3 1 0 -1 -1 0 
17 12 11 3 3 2 0 -1 -1 0 
#tower
0 1 1 
1 13 2 
2 13 11 3 15 -1 -1 120 27 2 0
3 4 12 
4 14 11 
5 12 11 3 10 3 30 91 25 1 0
6 14 12 
7 13 12 3 15 -1 -1 120 27 2 0
8 14 10 3 10 3 20 89 25 1 0
9 11 11 3 15 -1 -1 120 27 2 0
10 13 10 3 15 -1 -1 120 27 2 0
11 12 12 3 10 -1 -1 100 25 1 0
#map
#players
1 player1 2 1 18 2
2 player2 1 1 14 3
3 player3 4 9 146 1
4 player4 1 1 14 4

round 92
#corps
3 13 1 
9 14 12 
12 13 12 
13 4 1 
14 13 5 
15 7 12 4 2 -1 2 44 70 0 
16 14 10 
17 12 11 
#tower
0 1 1 
1 13 2 
2 13 11 
3 4 12 4 10 2 70 100 25 1 0
4 14 11 
5 12 11 
6 14 12 
7 13 12 
8 14 10 
9 11 11 
10 13 10 
11 12 12 
#map
#players
1 player1 2 1 18 2
2 player2 1 1 14 4
3 player3 4 9 146 1
4 player4 1 1 14 3

round 93
#corps
3 13 1 
9 14 12 
12 13 12 
13 5 1 1 2 -1 1 44 70 0 
14 13 5 
15 7 12 
16 14 10 
17 12 11 
#tower
0 1 1 1 10 2 60 100 25 1 0
1 13 2 
2 13 11 
3 4 12 
4 14 11 
5 12 11 
6 14 12 
7 13 12 
8 14 10 
9 11 11 
10 13 10 
11 12 12 
#map
#players
1 player1 2 1 18 2
2 player2 1 1 14 4
3 player3 4 9 146 1
4 player4 1 1 14 3

round 94
#corps
3 13 1 
9 14 12 
12 13 12 
13 5 1 
14 13 6 2 2 -1 3 44 70 0 
15 7 12 
16 14 10 
17 12 11 
#tower
0 1 1 
1 13 2 2 10 2 60 100 25 1 0
2 13 11 
3 4 12 
4 14 11 
5 12 11 
6 14 12 
7 13 12 
8 14 10 
9 11 11 
10 13 10 
11 12 12 
#map
#players
1 player1 2 1 18 2
2 player2 1 1 14 4
3 player3 4 9 146 1
4 player4 1 1 14 3

round 95
#corps
3 13 1 
9 14 12 
12 13 12 
13 5 1 
14 13 6 
15 7 12 
16 14 10 3 3 1 2 -1 -1 0 
17 12 11 3 3 2 2 -1 -1 0 
#tower
0 1 1 
1 13 2 
2 13 11 3 15 5 65 120 27 2 0
3 4 12 
4 14 11 3 10 5 10 100 25 1 0
5 12 11 3 10 5 30 91 25 1 0
6 14 12 3 10 5 30 100 25 1 0
7 13 12 3 15 5 65 120 27 2 0
8 14 10 3 10 5 30 89 25 1 0
9 11 11 3 15 5 65 120 27 2 0
10 13 10 3 15 5 65 120 27 2 0
11 12 12 3 10 5 30 100 25 1 0
#map
#players
1 player1 2 1 18 2
2 player2 1 1 14 4
3 player3 4 9 146 1
4 player4 1 1 14 3

round 96
#corps
3 13 1 
9 14 12 
12 13 12 
13 5 1 
14 13 6 
15 8 12 4 2 -1 2 44 70 0 
16 14 10 
17 12 11 
#tower
0 1 1 
1 13 2 
2 13 11 
3 4 12 4 10 2 60 100 25 1 0
4 14 11 
5 12 11 
6 14 12 
7 13 12 
8 14 10 
9 11 11 
10 13 10 
11 12 12 
#map
#players
1 player1 2 1 18 2
2 player2 1 1 14 3
3 player3 4 9 146 1
4 player4 1 1 14 4

round 97
#corps
3 13 1 
9 14 12 
12 13 12 
13 6 1 1 2 -1 1 47 70 0 
14 13 6 
15 8 12 
16 14 10 
17 12 11 
#tower
0 1 1 1 10 2 50 100 25 1 0
1 13 2 
2 13 11 
3 4 12 
4 14 11 
5 12 11 
6 14 12 
7 13 12 
8 14 10 
9 11 11 
10 13 10 
11 12 12 
#map
#players
1 player1 2 1 18 2
2 player2 1 1 14 3
3 player3 4 9 146 1
4 player4 1 1 14 4

round 98
#corps
3 13 1 
9 14 12 
12 13 12 
13 6 1 
14 13 7 2 2 -1 1 41 70 0 
15 8 12 
16 14 10 
17 12 11 
#tower
0 1 1 
1 13 2 2 10 2 50 100 25 1 0
2 13 11 
3 4 12 
4 14 11 
5 12 11 
6 14 12 
7 13 12 
8 14 10 
9 11 11 
10 13 10 
11 12 12 
#map
#players
1 player1 2 1 18 2
2 player2 1 1 14 3
3 player3 4 9 146 1
4 player4 1 1 14 4

round 99
#corps
3 13 1 
9 14 12 
12 13 12 
13 6 1 
14 13 7 
15 8 12 
16 14 10 
17 12 11 
#tower
0 1 1 
1 13 2 
2 13 11 3 15 5 50 120 27 2 0
3 4 12 
4 14 11 3 15 -1 -1 120 27 2 0
5 12 11 3 10 5 20 91 25 1 0
6 14 12 3 10 5 20 100 25 1 0
7 13 12 3 15 5 50 120 27 2 0
8 14 10 3 10 5 20 89 25 1 0
9 11 11 3 15 5 50 120 27 2 0
10 13 10 3 15 5 50 120 27 2 0
11 12 12 3 10 5 20 100 25 1 0
#map
#players
1 player1 2 1 18 2
2 player2 1 1 14 4
3 player3 4 9 156 1
4 player4 1 1 14 3

round 100
#corps
3 13 1 
9 14 12 
12 13 12 
13 6 1 
14 13 7 
15 9 12 4 2 -1 2 44 70 0 
16 14 10 
17 12 11 
#tower
0 1 1 
1 13 2 
2 13 11 
3 4 12 4 10 2 50 100 25 1 0
4 14 11 
5 12 11 
6 14 12 
7 13 12 
8 14 10 
9 11 11 
10 13 10 
11 12 12 
#map
#players
1 player1 2 1 18 2
2 player2 1 1 14 4
3 player3 4 9 156 1
4 player4 1 1 14 3

round 101
#corps
3 13 1 
9 14 12 
12 13 12 
13 7 1 1 2 -1 0 41 70 0 
14 13 7 
15 9 12 
16 14 10 
17 12 11 
#tower
0 1 1 1 10 2 40 100 25 1 0
1 13 2 
2 13 11 
3 4 12 
4 14 11 
5 12 11 
6 14 12 
7 13 12 
8 14 10 
9 11 11 
10 13 10 
11 12 12 
#map
#players
1 player1 2 1 18 2
2 player2 1 1 14 3
3 player3 4 9 156 1
4 player4 1 1 14 4

round 102
#corps
3 13 1 
9 14 12 
12 13 12 
13 7 1 
14 13 8 2 2 -1 0 41 70 0 
15 9 12 
16 14 10 
17 12 11 
#tower
0 1 1 
1 13 2 2 10 2 40 100 25 1 0
2 13 11 
3 4 12 
4 14 11 
5 12 11 
6 14 12 
7 13 12 
8 14 10 
9 11 11 
10 13 10 
11 12 12 
#map
#players
1 player1 2 1 18 2
2 player2 1 1 14 4
3 player3 4 9 156 1
4 player4 1 1 14 3

round 103
#corps
3 13 1 
9 14 12 
12 13 12 
13 7 1 
14 13 8 
15 9 12 
16 14 10 
17 12 11 
#tower
0 1 1 
1 13 2 
2 13 11 3 15 5 35 120 27 2 0
3 4 12 
4 14 11 3 15 5 65 120 27 2 0
5 12 11 3 10 5 10 91 25 1 0
6 14 12 3 10 5 10 100 25 1 0
7 13 12 3 15 5 35 120 27 2 0
8 14 10 
9 11 11 
10 13 10 
11 12 12 3 10 5 10 100 25 1 0
#map
#players
1 player1 2 1 18 2
2 player2 1 1 14 4
3 player3 4 9 156 1
4 player4 1 1 14 3

round 104
#corps
3 13 1 
9 14 12 
12 13 12 
13 7 1 
14 13 8 
15 10 12 4 2 -1 0 36 56 0 
16 14 10 
17 12 11 
#tower
0 1 1 
1 13 2 
2 13 11 
3 4 12 4 10 2 40 100 25 1 0
4 14 11 
5 12 11 
6 14 12 
7 13 12 
8 14 10 
9 11 11 3 15 5 50 91 27 2 0
10 13 10 
11 12 12 
#map
#players
1 player1 2 1 18 2
2 player2 1 1 14 3
3 player3 4 9 156 1
4 player4 1 1 14 4

round 105
#corps
3 13 1 
9 14 12 
12 13 12 
13 8 1 1 2 -1 1 44 70 0 
14 13 8 
15 10 12 
16 14 10 
17 12 11 
#tower
0 1 1 1 10 2 30 100 25 1 0
1 13 2 
2 13 11 
3 4 12 
4 14 11 
5 12 11 
6 14 12 
7 13 12 
8 14 10 
9 11 11 
10 13 10 
11 12 12 
#map
#players
1 player1 2 1 18 2
2 player2 1 1 14 3
3 player3 4 9 156 1
4 player4 1 1 14 4

round 106
#corps
3 13 1 
9 14 12 
12 13 12 
13 8 1 
14 13 9 2 2 -1 0 36 56 0 
15 10 12 
16 14 10 
17 12 11 
#tower
0 1 1 
1 13 2 2 10 2 30 100 25 1 0
2 13 11 
3 4 12 
4 14 11 
5 12 11 
6 14 12 
7 13 12 
8 14 10 3 10 5 20 60 25 1 0
9 11 11 
10 13 10 
11 12 12 
#map
#players
1 player1 2 1 18 2
2 player2 1 1 14 4
3 player3 4 9 156 1
4 player4 1 1 14 3

round 107
#corps
3 13 1 
9 14 12 
12 13 12 
13 8 1 
14 13 9 
15 10 12 
17 12 11 
#tower
0 1 1 
1 13 2 
2 13 11 
3 4 12 
4 14 11 
5 12 11 
6 14 12 
7 13 12 3 15 5 20 120 27 2 0
8 14 10 3 10 3 10 93 25 1 0
9 11 11 
10 13 10 
11 12 12 
#map
#players
1 player1 2 1 18 2
2 player2 1 1 14 4
3 player3 3 9 152 1
4 player4 1 1 14 3

round 108
#corps
3 13 1 
9 14 12 
12 13 12 
13 8 1 
14 13 9 
15 11 12 4 2 -1 0 24 37 0 
17 12 11 
#tower
0 1 1 
1 13 2 
2 13 11 
3 4 12 4 10 2 30 100 25 1 0
4 14 11 
5 12 11 3 10 5 10 70 25 1 0
6 14 12 
7 13 12 
8 14 10 
9 11 11 
10 13 10 
11 12 12 
#map
#players
1 player1 2 1 18 2
2 player2 1 1 14 4
3 player3 3 9 152 1
4 player4 1 1 14 3

round 109
#corps
3 13 1 
9 14 12 
12 13 12 
13 9 1 1 2 -1 2 44 70 0 
14 13 9 
15 11 12 
17 12 11 
#tower
0 1 1 1 10 2 20 100 25 1 0
1 13 2 
2 13 11 
3 4 12 
4 14 11 
5 12 11 
6 14 12 
7 13 12 
8 14 10 
9 11 11 
10 13 10 
11 12 12 
#map
#players
1 player1 2 1 18 2
2 player2 1 1 14 3
3 player3 3 9 152 1
4 player4 1 1 14 4

round 110
#corps
3 13 1 
9 14 12 
12 13 12 
13 9 1 
14 13 9 2 2 -1 0 24 38 0 
15 11 12 
17 12 11 
#tower
0 1 1 
1 13 2 2 10 2 20 100 25 1 0
2 13 11 
3 4 12 
4 14 11 
5 12 11 
6 14 12 
7 13 12 
8 14 10 3 10 3 10 70 25 1 0
9 11 11 
10 13 10 
11 12 12 
#map
#players
1 player1 2 1 18 2
2 player2 1 1 14 3
3 player3 3 9 152 1
4 player4 1 1 14 4

round 111
#corps
3 13 1 
9 14 12 
12 13 12 
13 9 1 
14 13 9 
15 11 12 
17 12 11 
#tower
0 1 1 
1 13 2 
2 13 11 
3 4 12 
4 14 11 
5 12 11 
6 14 12 3 15 -1 -1 120 27 2 0
7 13 12 
8 14 10 
9 11 11 
10 13 10 
11 12 12 
#map
#players
1 player1 2 1 18 2
2 player2 1 1 14 4
3 player3 3 9 162 1
4 player4 1 1 14 3

round 112
#corps
3 13 1 
9 14 12 
12 13 12 
13 9 1 
14 13 9 
15 11 12 4 2 -1 0 4 6 0 
17 12 11 
#tower
0 1 1 
1 13 2 
2 13 11 
3 4 12 4 10 2 20 100 25 1 0
4 14 11 
5 12 11 3 10 5 10 57 25 1 0
6 14 12 
7 13 12 
8 14 10 
9 11 11 
10 13 10 
11 12 12 
#map
#players
1 player1 2 1 18 2
2 player2 1 1 14 3
3 player3 3 9 162 1
4 player4 1 1 14 4

round 113
#corps
3 13 1 
9 14 12 
12 13 12 
13 10 1 1 2 -1 2 44 70 0 
14 13 9 
15 11 12 
17 12 11 
#tower
0 1 1 1 10 2 10 100 25 1 0
1 13 2 
2 13 11 
3 4 12 
4 14 11 
5 12 11 
6 14 12 
7 13 12 
8 14 10 
9 11 11 
10 13 10 
11 12 12 
#map
#players
1 player1 2 1 18 2
2 player2 1 1 14 4
3 player3 3 9 162 1
4 player4 1 1 14 3

round 114
#corps
3 13 1 
9 14 12 
12 13 12 
13 10 1 
14 13 9 2 2 -1 0 6 9 0 
15 11 12 
17 12 11 
#tower
0 1 1 
1 13 2 2 10 2 10 100 25 1 0
2 13 11 
3 4 12 
4 14 11 
5 12 11 
6 14 12 
7 13 12 
8 14 10 3 10 3 10 56 25 1 0
9 11 11 
10 13 10 
11 12 12 
#map
#players
1 player1 2 1 18 2
2 player2 1 1 14 4
3 player3 3 9 162 1
4 player4 1 1 14 3

round 115
#corps
3 13 1 
9 14 12 
12 13 12 
13 10 1 
14 13 9 
15 11 12 
17 12 11 3 3 1 0 -1 -1 0 
18 14 10 3 3 3 2 -1 -1 1 
#tower
0 1 1 
1 13 2 
2 13 11 
3 4 12 
4 14 11 
5 12 11 3 10 3 20 90 25 1 0
6 14 12 3 15 -1 -1 120 27 2 0
7 13 12 
8 14 10 3 10 -1 -1 56 25 1 0
9 11 11 
10 13 10 
11 12 12 
#map
#players
1 player1 2 1 18 2
2 player2 1 1 14 4
3 player3 4 9 166 1
4 player4 1 1 14 3

round 116
#corps
3 13 1 
9 14 12 
12 13 12 
13 10 1 
14 13 9 
17 12 11 
18 14 10 
#tower
0 1 1 
1 13 2 
2 13 11 
3 4 12 4 10 2 10 100 25 1 0
4 14 11 
5 12 11 3 10 3 20 85 25 1 0
6 14 12 
7 13 12 
8 14 10 
9 11 11 
10 13 10 
11 12 12 
#map
#players
1 player1 2 1 18 2
2 player2 1 1 14 3
3 player3 4 9 166 1
4 player4 0 1 10 4

round 117
#corps
3 13 1 
9 14 12 
12 13 12 
13 11 1 1 2 -1 2 44 70 0 
14 13 9 
17 12 11 
18 14 10 
19 1 1 1 2 -1 4 44 70 1 
#tower
0 1 1 1 10 -1 -1 100 25 1 0
1 13 2 
2 13 11 
3 4 12 
4 14 11 
5 12 11 
6 14 12 
7 13 12 
8 14 10 
9 11 11 
10 13 10 
11 12 12 
#map
#players
1 player1 3 1 22 2
2 player2 1 1 14 3
3 player3 4 9 166 1
4 player4 0 1 10 4

round 118
#corps
3 13 1 
9 14 12 
12 13 12 
13 11 1 
17 12 11 
18 14 10 
19 1 1 
20 13 2 2 2 -1 4 44 70 1 
#tower
0 1 1 
1 13 2 2 10 -1 -1 100 25 1 0
2 13 11 
3 4 12 
4 14 11 
5 12 11 
6 14 12 
7 13 12 
8 14 10 3 10 -1 -1 50 25 1 0
9 11 11 
10 13 10 
11 12 12 
#map
#players
1 player1 3 1 22 2
2 player2 1 1 14 3
3 player3 4 9 166 1
4 player4 0 1 10 4

round 119
#corps
3 13 1 
9 14 12 
12 13 12 
13 11 1 
17 12 11 3 3 1 2 -1 -1 0 
18 14 10 3 3 2 0 -1 -1 0 
19 1 1 
20 13 2 
#tower
0 1 1 
1 13 2 
2 13 11 3 15 5 20 120 27 2 0
3 4 12 
4 14 11 
5 12 11 3 15 -1 -1 120 27 2 0
6 14 12 3 15 -1 -1 120 27 2 0
7 13 12 3 15 5 5 120 27 2 0
8 14 10 3 10 3 30 83 25 1 0
9 11 11 3 15 5 35 91 27 2 0
10 13 10 3 15 5 35 120 27 2 0
11 12 12 3 15 -1 -1 120 27 2 0
#map
#players
1 player1 3 1 22 2
2 player2 1 1 14 3
3 player3 4 9 186 1
4 player4 0 1 10 4

round 120
#corps
3 13 1 
9 14 12 
12 13 12 
13 11 1 
17 12 11 
18 14 10 
19 1 1 
20 13 2 
21 4 12 4 2 -1 4 44 70 1 
#tower
0 1 1 
1 13 2 
2 13 11 
3 4 12 4 10 -1 -1 100 25 1 0
4 14 11 
5 12 11 
6 14 12 
7 13 12 
8 14 10 
9 11 11 
10 13 10 
11 12 12 
#map
#players
1 player1 3 1 22 2
2 player2 1 1 14 3
3 player3 4 9 186 1
4 player4 1 1 14 4

round 121
#corps
3 13 1 
9 14 12 
12 13 12 
13 12 1 1 2 -1 2 44 70 0 
17 12 11 
18 14 10 
19 2 1 1 2 -1 3 44 70 0 
20 13 2 
21 4 12 
#tower
0 1 1 1 10 2 90 100 25 1 0
1 13 2 
2 13 11 
3 4 12 
4 14 11 
5 12 11 
6 14 12 
7 13 12 
8 14 10 
9 11 11 
10 13 10 
11 12 12 
#map
#players
1 player1 3 1 22 2
2 player2 1 1 14 4
3 player3 4 9 186 1
4 player4 1 1 14 3

round 122
#corps
3 13 1 
9 14 12 
12 13 12 
13 12 1 
17 12 11 
18 14 10 
19 2 1 
20 13 3 2 2 -1 3 44 70 0 
21 4 12 
#tower
0 1 1 
1 13 2 2 10 2 90 100 25 1 0
2 13 11 
3 4 12 
4 14 11 
5 12 11 
6 14 12 
7 13 12 
8 14 10 
9 11 11 
10 13 10 
11 12 12 
#map
#players
1 player1 3 1 22 2
2 player2 1 1 14 4
3 player3 4 9 186 1
4 player4 1 1 14 3

round 123
#corps
3 13 1 
9 14 12 
12 13 12 
13 12 1 
17 12 11 
18 14 10 3 3 2 2 -1 -1 0 
19 2 1 
20 13 3 
21 4 12 
#tower
0 1 1 
1 13 2 
2 13 11 3 15 5 5 120 27 2 0
3 4 12 
4 14 11 3 15 5 50 120 27 2 0
5 12 11 3 15 5 65 120 27 2 0
6 14 12 3 15 5 65 120 27 2 0
7 13 12 3 20 -1 -1 140 29 3 0
8 14 10 3 10 5 10 83 25 1 0
9 11 11 3 15 5 20 91 27 2 0
10 13 10 3 15 5 20 120 27 2 0
11 12 12 3 15 5 65 120 27 2 0
#map
#players
1 player1 3 1 22 2
2 player2 1 1 14 4
3 player3 4 9 196 1
4 player4 1 1 14 3

round 124
#corps
3 13 1 
9 14 12 
12 13 12 
13 12 1 
17 12 11 
18 14 10 
19 2 1 
20 13 3 
21 5 12 4 2 -1 3 44 70 0 
#tower
0 1 1 
1 13 2 
2 13 11 
3 4 12 4 10 2 90 100 25 1 0
4 14 11 
5 12 11 
6 14 12 
7 13 12 
8 14 10 
9 11 11 
10 13 10 
11 12 12 
#map
#players
1 player1 3 1 22 2
2 player2 1 1 14 3
3 player3 4 9 196 1
4 player4 1 1 14 4

round 125
#corps
3 13 1 
9 14 12 
12 13 12 
13 12 1 1 2 -1 4 44 70 0 
17 12 11 
18 14 10 
19 3 1 1 2 -1 1 49 70 0 
20 13 3 
21 5 12 
#tower
0 1 1 1 10 2 80 100 25 1 0
1 13 2 
2 13 11 
3 4 12 
4 14 11 
5 12 11 
6 14 12 
7 13 12 
8 14 10 
9 11 11 
10 13 10 
11 12 12 
#map
#players
1 player1 3 1 22 2
2 player2 1 1 14 3
3 player3 4 9 196 1
4 player4 1 1 14 4

round 126
#corps
3 13 1 
9 14 12 
12 13 12 
13 12 1 
17 12 11 
18 14 10 
19 3 1 
20 13 4 2 2 -1 2 44 70 0 
21 5 12 
#tower
0 1 1 
1 13 2 2 10 2 80 100 25 1 0
2 13 11 
3 4 12 
4 14 11 
5 12 11 
6 14 12 
7 13 12 
8 14 10 
9 11 11 
10 13 10 
11 12 12 
#map
#players
1 player1 3 1 22 2
2 player2 1 1 14 3
3 player3 4 9 196 1
4 player4 1 1 14 4

round 127
#corps
3 13 1 
9 14 12 
12 13 12 
13 12 1 
17 12 11 
18 14 10 
19 3 1 
20 13 4 
21 5 12 
#tower
0 1 1 
1 13 2 
2 13 11 3 20 -1 -1 140 29 3 0
3 4 12 
4 14 11 3 15 5 35 120 27 2 0
5 12 11 3 15 5 50 120 27 2 0
6 14 12 3 15 5 50 120 27 2 0
7 13 12 3 20 5 100 140 29 3 0
8 14 10 3 15 -1 -1 120 27 2 0
9 11 11 3 15 5 5 91 27 2 0
10 13 10 3 15 5 5 120 27 2 0
11 12 12 3 15 5 50 120 27 2 0
#map
#players
1 player1 3 1 22 2
2 player2 1 1 14 4
3 player3 4 9 216 1
4 player4 1 1 14 3

round 128
#corps
3 13 1 
9 14 12 
12 13 12 
13 12 1 
17 12 11 
18 14 10 
19 3 1 
20 13 4 
21 6 12 4 2 -1 2 44 70 0 
#tower
0 1 1 
1 13 2 
2 13 11 
3 4 12 4 10 2 80 100 25 1 0
4 14 11 
5 12 11 
6 14 12 
7 13 12 
8 14 10 
9 11 11 
10 13 10 
11 12 12 
#map
#players
1 player1 3 1 22 2
2 player2 1 1 14 4
3 player3 4 9 216 1
4 player4 1 1 14 3

round 129
#corps
3 13 1 
9 14 12 
12 13 12 
13 12 1 
17 12 11 
18 14 10 
19 4 1 1 2 -1 0 47 70 0 
20 13 4 
21 6 12 
#tower
0 1 1 1 10 2 70 100 25 1 0
1 13 2 
2 13 11 
3 4 12 
4 14 11 
5 12 11 
6 14 12 
7 13 12 
8 14 10 
9 11 11 
10 13 10 
11 12 12 
#map
#players
1 player1 3 1 22 2
2 player2 1 1 14 3
3 player3 4 9 216 1
4 player4 1 1 14 4

round 130
#corps
3 13 1 
9 14 12 
12 13 12 
13 12 1 
17 12 11 
18 14 10 
19 4 1 
20 13 5 2 2 -1 2 44 70 0 
21 6 12 
#tower
0 1 1 
1 13 2 2 10 2 70 100 25 1 0
2 13 11 
3 4 12 
4 14 11 
5 12 11 
6 14 12 
7 13 12 
8 14 10 
9 11 11 
10 13 10 
11 12 12 
#map
#players
1 player1 3 1 22 2
2 player2 1 1 14 3
3 player3 4 9 216 1
4 player4 1 1 14 4

round 131
#corps
3 13 1 
9 14 12 
12 13 12 
13 12 1 
17 12 11 
18 14 10 
19 4 1 
20 13 5 
21 6 12 
#tower
0 1 1 
1 13 2 
2 13 11 3 20 5 100 140 29 3 0
3 4 12 
4 14 11 3 15 5 20 120 27 2 0
5 12 11 3 15 5 35 120 27 2 0
6 14 12 3 15 5 35 120 27 2 0
7 13 12 3 20 5 80 140 29 3 0
8 14 10 3 15 5 65 120 27 2 0
9 11 11 3 20 -1 -1 140 29 3 0
10 13 10 3 20 -1 -1 140 29 3 0
11 12 12 3 15 5 35 120 27 2 0
#map
#players
1 player1 3 1 22 2
2 player2 1 1 14 4
3 player3 4 9 236 1
4 player4 1 1 14 3

round 132
#corps
3 13 1 
9 14 12 
12 13 12 
13 12 1 
17 12 11 
18 14 10 
19 4 1 
20 13 5 
21 7 12 4 2 -1 2 44 70 0 
#tower
0 1 1 
1 13 2 
2 13 11 
3 4 12 4 10 2 70 100 25 1 0
4 14 11 
5 12 11 
6 14 12 
7 13 12 
8 14 10 
9 11 11 
10 13 10 
11 12 12 
#map
#players
1 player1 3 1 22 2
2 player2 1 1 14 3
3 player3 4 9 236 1
4 player4 1 1 14 4

round 133
#corps
3 13 1 
9 14 12 
12 13 12 
13 12 1 
17 12 11 
18 14 10 
19 5 1 1 2 -1 1 44 70 0 
20 13 5 
21 7 12 
#tower
0 1 1 1 10 2 60 100 25 1 0
1 13 2 
2 13 11 
3 4 12 
4 14 11 
5 12 11 
6 14 12 
7 13 12 
8 14 10 
9 11 11 
10 13 10 
11 12 12 
#map
#players
1 player1 3 1 22 2
2 player2 1 1 14 3
3 player3 4 9 236 1
4 player4 1 1 14 4

round 134
#corps
3 13 1 
9 14 12 
12 13 12 
13 12 1 
17 12 11 
18 14 10 
19 5 1 
20 13 6 2 2 -1 3 44 70 0 
21 7 12 
#tower
0 1 1 
1 13 2 2 10 2 60 100 25 1 0
2 13 11 
3 4 12 
4 14 11 
5 12 11 
6 14 12 
7 13 12 
8 14 10 
9 11 11 
10 13 10 
11 12 12 
#map
#players
1 player1 3 1 22 2
2 player2 1 1 14 3
3 player3 4 9 236 1
4 player4 1 1 14 4

round 135
#corps
3 13 1 
9 14 12 
12 13 12 
13 12 1 
17 12 11 
18 14 10 
19 5 1 
20 13 6 
21 7 12 
#tower
0 1 1 
1 13 2 
2 13 11 3 20 5 80 140 29 3 0
3 4 12 
4 14 11 3 15 5 5 120 27 2 0
5 12 11 3 15 5 20 120 27 2 0
6 14 12 3 15 5 20 120 27 2 0
7 13 12 3 20 5 60 140 29 3 0
8 14 10 3 15 5 50 120 27 2 0
9 11 11 3 20 5 100 140 29 3 0
10 13 10 3 20 5 100 140 29 3 0
11 12 12 3 15 5 20 120 27 2 0
#map
#players
1 player1 3 1 22 2
2 player2 1 1 14 3
3 player3 4 9 236 1
4 player4 1 1 14 4

round 136
#corps
3 13 1 
9 14 12 
12 13 12 
13 12 1 
17 12 11 
18 14 10 
19 5 1 
20 13 6 
21 8 12 4 2 -1 2 44 70 0 
#tower
0 1 1 
1 13 2 
2 13 11 
3 4 12 4 10 2 60 100 25 1 0
4 14 11 
5 12 11 
6 14 12 
7 13 12 
8 14 10 
9 11 11 
10 13 10 
11 12 12 
#map
#players
1 player1 3 1 22 2
2 player2 1 1 14 4
3 player3 4 9 236 1
4 player4 1 1 14 3

round 137
#corps
3 13 1 
9 14 12 
12 13 12 
13 12 1 
17 12 11 
18 14 10 
19 6 1 1 2 -1 1 47 70 0 
20 13 6 
21 8 12 
#tower
0 1 1 1 10 2 50 100 25 1 0
1 13 2 
2 13 11 
3 4 12 
4 14 11 
5 12 11 
6 14 12 
7 13 12 
8 14 10 
9 11 11 
10 13 10 
11 12 12 
#map
#players
1 player1 3 1 22 2
2 player2 1 1 14 4
3 player3 4 9 236 1
4 player4 1 1 14 3

round 138
#corps
3 13 1 
9 14 12 
12 13 12 
13 12 1 
17 12 11 
18 14 10 
19 6 1 
20 13 7 2 2 -1 1 41 70 0 
21 8 12 
#tower
0 1 1 
1 13 2 2 10 2 50 100 25 1 0
2 13 11 
3 4 12 
4 14 11 
5 12 11 
6 14 12 
7 13 12 
8 14 10 
9 11 11 
10 13 10 
11 12 12 
#map
#players
1 player1 3 1 22 2
2 player2 1 1 14 4
3 player3 4 9 236 1
4 player4 1 1 14 3

round 139
#corps
3 13 1 
9 14 12 
12 13 12 
13 12 1 
17 12 11 
18 14 10 
19 6 1 
20 13 7 
21 8 12 
#tower
0 1 1 
1 13 2 
2 13 11 3 20 5 60 140 29 3 0
3 4 12 
4 14 11 3 20 -1 -1 140 29 3 0
5 12 11 3 15 5 5 120 27 2 0
6 14 12 3 15 5 5 120 27 2 0
7 13 12 3 20 5 40 140 29 3 0
8 14 10 3 15 5 35 120 27 2 0
9 11 11 3 20 5 80 140 29 3 0
10 13 10 3 20 5 80 140 29 3 0
11 12 12 3 15 5 5 120 27 2 0
#map
#players
1 player1 3 1 22 2
2 player2 1 1 14 4
3 player3 4 9 246 1
4 player4 1 1 14 3

round 140
#corps
3 13 1 
9 14 12 
12 13 12 
13 12 1 
17 12 11 
18 14 10 
19 6 1 
20 13 7 
21 9 12 4 2 -1 2 44 70 0 
#tower
0 1 1 
1 13 2 
2 13 11 
3 4 12 4 10 2 50 100 25 1 0
4 14 11 
5 12 11 
6 14 12 
7 13 12 
8 14 10 
9 11 11 
10 13 10 
11 12 12 
#map
#players
1 player1 3 1 22 2
2 player2 1 1 14 3
3 player3 4 9 246 1
4 player4 1 1 14 4

round 141
#corps
3 13 1 
9 14 12 
12 13 12 
13 12 1 
17 12 11 
18 14 10 
19 7 1 1 2 -1 0 41 70 0 
20 13 7 
21 9 12 
#tower
0 1 1 1 10 2 40 100 25 1 0
1 13 2 
2 13 11 
3 4 12 
4 14 11 
5 12 11 
6 14 12 
7 13 12 
8 14 10 
9 11 11 
10 13 10 
11 12 12 
#map
#players
1 player1 3 1 22 2
2 player2 1 1 14 4
3 player3 4 9 246 1
4 player4 1 1 14 3

round 142
#corps
3 13 1 
9 14 12 
12 13 12 
13 12 1 
17 12 11 
18 14 10 
19 7 1 
20 13 8 2 2 -1 0 41 70 0 
21 9 12 
#tower
0 1 1 
1 13 2 2 10 2 40 100 25 1 0
2 13 11 
3 4 12 
4 14 11 
5 12 11 
6 14 12 
7 13 12 
8 14 10 
9 11 11 
10 13 10 
11 12 12 
#map
#players
1 player1 3 1 22 2
2 player2 1 1 14 4
3 player3 4 9 246 1
4 player4 1 1 14 3

round 143
#corps
3 13 1 
9 14 12 
12 13 12 
13 12 1 
17 12 11 
18 14 10 
19 7 1 
20 13 8 
21 9 12 
#tower
0 1 1 
1 13 2 
2 13 11 3 20 5 40 140 29 3 0
3 4 12 
4 14 11 3 20 5 100 140 29 3 0
5 12 11 3 20 -1 -1 140 29 3 0
6 14 12 3 20 -1 -1 140 29 3 0
7 13 12 3 20 5 20 140 29 3 0
8 14 10 
9 11 11 
10 13 10 
11 12 12 3 20 -1 -1 140 29 3 0
#map
#players
1 player1 3 1 22 2
2 player2 1 1 14 4
3 player3 4 9 276 1
4 player4 1 1 14 3

round 144
#corps
3 13 1 
9 14 12 
12 13 12 
13 12 1 
17 12 11 
18 14 10 
19 7 1 
20 13 8 
21 10 12 4 2 -1 0 35 55 0 
#tower
0 1 1 
1 13 2 
2 13 11 
3 4 12 4 10 2 40 100 25 1 0
4 14 11 
5 12 11 
6 14 12 
7 13 12 
8 14 10 
9 11 11 3 20 5 80 113 29 3 0
10 13 10 
11 12 12 
#map
#players
1 player1 3 1 22 2
2 player2 1 1 14 4
3 player3 4 9 276 1
4 player4 1 1 14 3

round 145
#corps
3 13 1 
9 14 12 
12 13 12 
13 12 1 
17 12 11 
18 14 10 
19 8 1 1 2 -1 1 44 70 0 
20 13 8 
21 10 12 
#tower
0 1 1 1 10 2 30 100 25 1 0
1 13 2 
2 13 11 
3 4 12 
4 14 11 
5 12 11 
6 14 12 
7 13 12 
8 14 10 
9 11 11 
10 13 10 
11 12 12 
#map
#players
1 player1 3 1 22 2
2 player2 1 1 14 4
3 player3 4 9 276 1
4 player4 1 1 14 3

round 146
#corps
3 13 1 
9 14 12 
12 13 12 
13 12 1 
17 12 11 
18 14 10 
19 8 1 
20 13 9 2 2 -1 0 35 55 0 
21 10 12 
#tower
0 1 1 
1 13 2 2 10 2 30 100 25 1 0
2 13 11 
3 4 12 
4 14 11 
5 12 11 
6 14 12 
7 13 12 
8 14 10 3 15 5 35 93 27 2 0
9 11 11 
10 13 10 
11 12 12 
#map
#players
1 player1 3 1 22 2
2 player2 1 1 14 4
3 player3 4 9 276 1
4 player4 1 1 14 3

round 147
#corps
3 13 1 
9 14 12 
12 13 12 
13 12 1 
17 12 11 
18 14 10 
19 8 1 
20 13 9 
21 10 12 
#tower
0 1 1 
1 13 2 
2 13 11 
3 4 12 
4 14 11 
5 12 11 3 20 -1 -1 140 29 3 0
6 14 12 3 20 5 100 140 29 3 0
7 13 12 3 25 -1 -1 160 32 4 0
8 14 10 
9 11 11 
10 13 10 
11 12 12 3 20 -1 -1 140 29 3 0
#map
#players
1 player1 3 1 22 2
2 player2 1 1 14 4
3 player3 4 9 286 1
4 player4 1 1 14 3

round 148
#corps
3 13 1 
9 14 12 
12 13 12 
13 12 1 
17 12 11 
18 14 10 
19 8 1 
20 13 9 
21 11 12 4 2 -1 0 21 32 0 
#tower
0 1 1 
1 13 2 
2 13 11 
3 4 12 4 10 2 30 100 25 1 0
4 14 11 
5 12 11 3 20 -1 -1 123 29 3 0
6 14 12 
7 13 12 
8 14 10 
9 11 11 
10 13 10 
11 12 12 
#map
#players
1 player1 3 1 22 2
2 player2 1 1 14 3
3 player3 4 9 286 1
4 player4 1 1 14 4

round 149
#corps
3 13 1 
9 14 12 
12 13 12 
13 12 1 
17 12 11 
18 14 10 
19 9 1 1 2 -1 2 44 70 0 
20 13 9 
21 11 12 
#tower
0 1 1 1 10 2 20 100 25 1 0
1 13 2 
2 13 11 
3 4 12 
4 14 11 
5 12 11 
6 14 12 
7 13 12 
8 14 10 
9 11 11 
10 13 10 
11 12 12 
#map
#players
1 player1 3 1 22 2
2 player2 1 1 14 3
3 player3 4 9 286 1
4 player4 1 1 14 4

round 150
#corps
3 13 1 
9 14 12 
12 13 12 
13 12 1 
17 12 11 
18 14 10 
19 9 1 
20 13 9 2 2 -1 0 21 33 0 
21 11 12 
#tower
0 1 1 
1 13 2 2 10 2 20 100 25 1 0
2 13 11 
3 4 12 
4 14 11 
5 12 11 
6 14 12 
7 13 12 
8 14 10 3 15 5 35 74 27 2 0
9 11 11 
10 13 10 
11 12 12 
#map
#players
1 player1 3 1 22 2
2 player2 1 1 14 4
3 player3 4 9 286 1
4 player4 1 1 14 3

round 151
#corps
3 13 1 
9 14 12 
12 13 12 
13 12 1 
17 12 11 
18 14 10 3 3 1 0 -1 -1 0 
19 9 1 
20 13 9 
21 11 12 
#tower
0 1 1 
1 13 2 
2 13 11 
3 4 12 
4 14 11 
5 12 11 3 20 -1 -1 123 29 3 0
6 14 12 
7 13 12 3 25 -1 -1 160 32 4 0
8 14 10 3 15 3 15 114 27 2 0
9 11 11 
10 13 10 
11 12 12 3 20 -1 -1 140 29 3 0
#map
#players
1 player1 3 1 22 2
2 player2 1 1 14 3
3 player3 4 9 286 1
4 player4 1 1 14 4

round 152
#corps
3 13 1 
9 14 12 
12 13 12 
13 12 1 
17 12 11 
18 14 10 
19 9 1 
20 13 9 
#tower
0 1 1 
1 13 2 
2 13 11 
3 4 12 4 10 2 20 100 25 1 0
4 14 11 
5 12 11 3 20 -1 -1 113 29 3 0
6 14 12 
7 13 12 
8 14 10 
9 11 11 
10 13 10 
11 12 12 
#map
#players
1 player1 3 1 22 2
2 player2 1 1 14 3
3 player3 4 9 286 1
4 player4 0 1 10 4

round 153
#corps
3 13 1 
9 14 12 
12 13 12 
13 12 1 
17 12 11 
18 14 10 
19 10 1 1 2 -1 2 44 70 0 
20 13 9 
#tower
0 1 1 1 10 2 10 100 25 1 0
1 13 2 
2 13 11 
3 4 12 
4 14 11 
5 12 11 
6 14 12 
7 13 12 
8 14 10 
9 11 11 
10 13 10 
11 12 12 
#map
#players
1 player1 3 1 22 2
2 player2 1 1 14 3
3 player3 4 9 286 1
4 player4 0 1 10 4

round 154
#corps
3 13 1 
9 14 12 
12 13 12 
13 12 1 
17 12 11 
18 14 10 
19 10 1 
#tower
0 1 1 
1 13 2 2 10 2 10 100 25 1 0
2 13 11 
3 4 12 
4 14 11 
5 12 11 
6 14 12 
7 13 12 
8 14 10 3 15 3 15 104 27 2 0
9 11 11 
10 13 10 
11 12 12 
#map
#players
1 player1 3 1 22 2
2 player2 0 1 10 3
3 player3 4 9 286 1
4 player4 0 1 10 4

round 155
#corps
3 13 1 
9 14 12 
12 13 12 
13 12 1 
17 12 11 
18 14 10 3 3 1 2 -1 -1 0 
19 10 1 
#tower
0 1 1 
1 13 2 
2 13 11 3 20 5 20 140 29 3 0
3 4 12 
4 14 11 3 20 5 80 140 29 3 0
5 12 11 3 20 5 100 113 29 3 0
6 14 12 3 20 5 80 140 29 3 0
7 13 12 3 25 5 135 160 32 4 0
8 14 10 3 15 5 20 104 27 2 0
9 11 11 3 20 5 60 113 29 3 0
10 13 10 3 20 5 60 140 29 3 0
11 12 12 3 20 5 100 140 29 3 0
#map
#players
1 player1 3 1 22 2
2 player2 0 1 10 4
3 player3 4 9 286 1
4 player4 0 1 10 3

round 156
#corps
3 13 1 
9 14 12 
12 13 12 
13 12 1 
17 12 11 
18 14 10 
19 10 1 
#tower
0 1 1 
1 13 2 
2 13 11 
3 4 12 4 10 2 10 100 25 1 0
4 14 11 
5 12 11 
6 14 12 
7 13 12 
8 14 10 
9 11 11 
10 13 10 
11 12 12 
#map
#players
1 player1 3 1 22 2
2 player2 0 1 10 3
3 player3 4 9 286 1
4 player4 0 1 10 4

round 157
#corps
3 13 1 
9 14 12 
12 13 12 
13 12 1 
17 12 11 
18 14 10 
19 11 1 1 2 -1 2 44 70 0 
22 1 1 1 2 -1 4 44 70 1 
#tower
0 1 1 1 10 -1 -1 100 25 1 0
1 13 2 
2 13 11 
3 4 12 
4 14 11 
5 12 11 
6 14 12 
7 13 12 
8 14 10 
9 11 11 
10 13 10 
11 12 12 
#map
#players
1 player1 4 1 26 2
2 player2 0 1 10 3
3 player3 4 9 286 1
4 player4 0 1 10 4

round 158
#corps
3 13 1 
9 14 12 
12 13 12 
13 12 1 
17 12 11 
18 14 10 
19 11 1 
22 1 1 
23 13 2 2 2 -1 4 44 70 1 
#tower
0 1 1 
1 13 2 2 10 -1 -1 100 25 1 0
2 13 11 
3 4 12 
4 14 11 
5 12 11 
6 14 12 
7 13 12 
8 14 10 
9 11 11 
10 13 10 
11 12 12 
#map
#players
1 player1 4 1 26 2
2 player2 1 1 14 3
3 player3 4 9 286 1
4 player4 0 1 10 4

round 159
#corps
3 13 1 
9 14 12 
12 13 12 
13 12 1 
17 12 11 
18 14 10 
19 11 1 
22 1 1 
23 13 2 
#tower
0 1 1 
1 13 2 
2 13 11 3 25 -1 -1 160 32 4 0
3 4 12 
4 14 11 3 20 5 60 140 29 3 0
5 12 11 3 20 5 80 113 29 3 0
6 14 12 3 20 5 60 140 29 3 0
7 13 12 3 25 5 110 160 32 4 0
8 14 10 3 15 5 5 104 27 2 0
9 11 11 3 20 5 40 113 29 3 0
10 13 10 3 20 5 40 140 29 3 0
11 12 12 3 20 5 80 140 29 3 0
#map
#players
1 player1 4 1 26 2
2 player2 1 1 14 3
3 player3 4 9 296 1
4 player4 0 1 10 4

round 160
#corps
3 13 1 
9 14 12 
12 13 12 
13 12 1 
17 12 11 
18 14 10 
19 11 1 
22 1 1 
23 13 2 
24 4 12 4 2 -1 4 44 70 1 
#tower
0 1 1 
1 13 2 
2 13 11 
3 4 12 4 10 -1 -1 100 25 1 0
4 14 11 
5 12 11 
6 14 12 
7 13 12 
8 14 10 
9 11 11 
10 13 10 
11 12 12 
#map
#players
1 player1 4 1 26 2
2 player2 1 1 14 3
3 player3 4 9 296 1
4 player4 1 1 14 4

round 161
#corps
3 13 1 
9 14 12 
12 13 12 
13 12 1 
17 12 11 
18 14 10 
19 11 1 1 2 -1 4 44 70 0 
22 2 1 1 2 -1 3 44 70 0 
23 13 2 
24 4 12 
#tower
0 1 1 1 10 2 90 100 25 1 0
1 13 2 
2 13 11 
3 4 12 
4 14 11 
5 12 11 
6 14 12 
7 13 12 
8 14 10 
9 11 11 
10 13 10 
11 12 12 
#map
#players
1 player1 4 1 26 2
2 player2 1 1 14 3
3 player3 4 9 296 1
4 player4 1 1 14 4

round 162
#corps
3 13 1 
9 14 12 
12 13 12 
13 12 1 
17 12 11 
18 14 10 
19 11 1 
22 2 1 
23 13 3 2 2 -1 3 44 70 0 
24 4 12 
#tower
0 1 1 
1 13 2 2 10 2 90 100 25 1 0
2 13 11 
3 4 12 
4 14 11 
5 12 11 
6 14 12 
7 13 12 
8 14 10 
9 11 11 
10 13 10 
11 12 12 
#map
#players
1 player1 4 1 26 2
2 player2 1 1 14 3
3 player3 4 9 296 1
4 player4 1 1 14 4

round 163
#corps
3 13 1 
9 14 12 
12 13 12 
13 12 1 
17 12 11 
18 14 10 
19 11 1 
22 2 1 
23 13 3 
24 4 12 
#tower
0 1 1 
1 13 2 
2 13 11 3 25 5 135 160 32 4 0
3 4 12 
4 14 11 3 20 5 40 140 29 3 0
5 12 11 3 20 5 60 113 29 3 0
6 14 12 3 20 5 40 140 29 3 0
7 13 12 3 25 5 85 160 32 4 0
8 14 10 3 20 -1 -1 140 29 3 0
9 11 11 3 20 5 20 113 29 3 0
10 13 10 3 20 5 20 140 29 3 0
11 12 12 3 20 5 60 140 29 3 0
#map
#players
1 player1 4 1 26 2
2 player2 1 1 14 4
3 player3 4 9 306 1
4 player4 1 1 14 3

round 164
#corps
3 13 1 
9 14 12 
12 13 12 
13 12 1 
17 12 11 
18 14 10 
19 11 1 
22 2 1 
23 13 3 
24 5 12 4 2 -1 3 44 70 0 
#tower
0 1 1 
1 13 2 
2 13 11 
3 4 12 4 10 2 90 100 25 1 0
4 14 11 
5 12 11 
6 14 12 
7 13 12 
8 14 10 
9 11 11 
10 13 10 
11 12 12 
#map
#players
1 player1 4 1 26 2
2 player2 1 1 14 4
3 player3 4 9 306 1
4 player4 1 1 14 3

round 165
#corps
3 13 1 
9 14 12 
12 13 12 
13 12 1 
17 12 11 
18 14 10 
19 11 1 
22 3 1 1 2 -1 1 49 70 0 
23 13 3 
24 5 12 
#tower
0 1 1 1 10 2 80 100 25 1 0
1 13 2 
2 13 11 
3 4 12 
4 14 11 
5 12 11 
6 14 12 
7 13 12 
8 14 10 
9 11 11 
10 13 10 
11 12 12 
#map
#players
1 player1 4 1 26 2
2 player2 1 1 14 3
3 player3 4 9 306 1
4 player4 1 1 14 4

round 166
#corps
3 13 1 
9 14 12 
12 13 12 
13 12 1 
17 12 11 
18 14 10 
19 11 1 
22 3 1 
23 13 4 2 2 -1 2 44 70 0 
24 5 12 
#tower
0 1 1 
1 13 2 2 10 2 80 100 25 1 0
2 13 11 
3 4 12 
4 14 11 
5 12 11 
6 14 12 
7 13 12 
8 14 10 
9 11 11 
10 13 10 
11 12 12 
#map
#players
1 player1 4 1 26 2
2 player2 1 1 14 3
3 player3 4 9 306 1
4 player4 1 1 14 4

round 167
#corps
3 13 1 
9 14 12 
12 13 12 
13 12 1 
17 12 11 
18 14 10 
19 11 1 
22 3 1 
23 13 4 
24 5 12 
#tower
0 1 1 
1 13 2 
2 13 11 3 25 5 110 160 32 4 0
3 4 12 
4 14 11 3 20 5 20 140 29 3 0
5 12 11 3 20 5 40 113 29 3 0
6 14 12 3 20 5 20 140 29 3 0
7 13 12 3 25 5 60 160 32 4 0
8 14 10 3 20 5 100 140 29 3 0
9 11 11 3 25 -1 -1 160 32 4 0
10 13 10 3 25 -1 -1 160 32 4 0
11 12 12 3 20 5 40 140 29 3 0
#map
#players
1 player1 4 1 26 2
2 player2 1 1 14 3
3 player3 4 9 326 1
4 player4 1 1 14 4

round 168
#corps
3 13 1 
9 14 12 
12 13 12 
13 12 1 
17 12 11 
18 14 10 
19 11 1 
22 3 1 
23 13 4 
24 6 12 4 2 -1 2 44 70 0 
#tower
0 1 1 
1 13 2 
2 13 11 
3 4 12 4 10 2 80 100 25 1 0
4 14 11 
5 12 11 
6 14 12 
7 13 12 
8 14 10 
9 11 11 
10 13 10 
11 12 12 
#map
#players
1 player1 4 1 26 2
2 player2 1 1 14 3
3 player3 4 9 326 1
4 player4 1 1 14 4

round 169
#corps
3 13 1 
9 14 12 
12 13 12 
13 12 1 
17 12 11 
18 14 10 
19 11 1 
22 4 1 1 2 -1 0 47 70 0 
23 13 4 
24 6 12 
#tower
0 1 1 1 10 2 70 100 25 1 0
1 13 2 
2 13 11 
3 4 12 
4 14 11 
5 12 11 
6 14 12 
7 13 12 
8 14 10 
9 11 11 
10 13 10 
11 12 12 
#map
#players
1 player1 4 1 26 2
2 player2 1 1 14 4
3 player3 4 9 326 1
4 player4 1 1 14 3

round 170
#corps
3 13 1 
9 14 12 
12 13 12 
13 12 1 
17 12 11 
18 14 10 
19 11 1 
22 4 1 
23 13 5 2 2 -1 2 44 70 0 
24 6 12 
#tower
0 1 1 
1 13 2 2 10 2 70 100 25 1 0
2 13 11 
3 4 12 
4 14 11 
5 12 11 
6 14 12 
7 13 12 
8 14 10 
9 11 11 
10 13 10 
11 12 12 
#map
#players
1 player1 4 1 26 2
2 player2 1 1 14 4
3 player3 4 9 326 1
4 player4 1 1 14 3

round 171
#corps
3 13 1 
9 14 12 
12 13 12 
13 12 1 
17 12 11 
18 14 10 
19 11 1 
22 4 1 
23 13 5 
24 6 12 
#tower
0 1 1 
1 13 2 
2 13 11 3 25 5 85 160 32 4 0
3 4 12 
4 14 11 3 25 -1 -1 160 32 4 0
5 12 11 3 20 5 20 113 29 3 0
6 14 12 3 25 -1 -1 160 32 4 0
7 13 12 3 25 5 35 160 32 4 0
8 14 10 3 20 5 80 140 29 3 0
9 11 11 3 25 5 135 160 32 4 0
10 13 10 3 25 5 135 160 32 4 0
11 12 12 3 20 5 20 140 29 3 0
#map
#players
1 player1 4 1 26 2
2 player2 1 1 14 4
3 player3 4 9 346 1
4 player4 1 1 14 3

round 172
#corps
3 13 1 
9 14 12 
12 13 12 
13 12 1 
17 12 11 
18 14 10 
19 11 1 
22 4 1 
23 13 5 
24 7 12 4 2 -1 2 44 70 0 
#tower
0 1 1 
1 13 2 
2 13 11 
3 4 12 4 10 2 70 100 25 1 0
4 14 11 
5 12 11 
6 14 12 
7 13 12 
8 14 10 
9 11 11 
10 13 10 
11 12 12 
#map
#players
1 player1 4 1 26 2
2 player2 1 1 14 4
3 player3 4 9 346 1
4 player4 1 1 14 3

round 173
#corps
3 13 1 
9 14 12 
12 13 12 
13 12 1 
17 12 11 
18 14 10 
19 11 1 
22 5 1 1 2 -1 1 44 70 0 
23 13 5 
24 7 12 
#tower
0 1 1 1 10 2 60 100 25 1 0
1 13 2 
2 13 11 
3 4 12 
4 14 11 
5 12 11 
6 14 12 
7 13 12 
8 14 10 
9 11 11 
10 13 10 
11 12 12 
#map
#players
1 player1 4 1 26 2
2 player2 1 1 14 3
3 player3 4 9 346 1
4 player4 1 1 14 4

round 174
#corps
3 13 1 
9 14 12 
12 13 12 
13 12 1 
17 12 11 
18 14 10 
19 11 1 
22 5 1 
23 13 6 2 2 -1 3 44 70 0 
24 7 12 
#tower
0 1 1 
1 13 2 2 10 2 60 100 25 1 0
2 13 11 
3 4 12 
4 14 11 
5 12 11 
6 14 12 
7 13 12 
8 14 10 
9 11 11 
10 13 10 
11 12 12 
#map
#players
1 player1 4 1 26 2
2 player2 1 1 14 3
3 player3 4 9 346 1
4 player4 1 1 14 4

round 175
#corps
3 13 1 
9 14 12 
12 13 12 
13 12 1 
17 12 11 
18 14 10 
19 11 1 
22 5 1 
23 13 6 
24 7 12 
#tower
0 1 1 
1 13 2 
2 13 11 3 25 5 60 160 32 4 0
3 4 12 
4 14 11 3 25 5 135 160 32 4 0
5 12 11 3 25 -1 -1 160 32 4 0
6 14 12 3 25 5 135 160 32 4 0
7 13 12 3 25 5 10 160 32 4 0
8 14 10 3 20 5 60 140 29 3 0
9 11 11 3 25 5 110 160 32 4 0
10 13 10 3 25 5 110 160 32 4 0
11 12 12 3 25 -1 -1 160 32 4 0
#map
#players
1 player1 4 1 26 2
2 player2 1 1 14 4
3 player3 4 9 366 1
4 player4 1 1 14 3

round 176
#corps
3 13 1 
9 14 12 
12 13 12 
13 12 1 
17 12 11 
18 14 10 
19 11 1 
22 5 1 
23 13 6 
24 8 12 4 2 -1 2 44 70 0 
#tower
0 1 1 
1 13 2 
2 13 11 
3 4 12 4 10 2 60 100 25 1 0
4 14 11 
5 12 11 
6 14 12 
7 13 12 
8 14 10 
9 11 11 
10 13 10 
11 12 12 
#map
#players
1 player1 4 1 26 2
2 player2 1 1 14 4
3 player3 4 9 366 1
4 player4 1 1 14 3

round 177
#corps
3 13 1 
9 14 12 
12 13 12 
13 12 1 
17 12 11 
18 14 10 
19 11 1 
22 6 1 1 2 -1 1 47 70 0 
23 13 6 
24 8 12 
#tower
0 1 1 1 10 2 50 100 25 1 0
1 13 2 
2 13 11 
3 4 12 
4 14 11 
5 12 11 
6 14 12 
7 13 12 
8 14 10 
9 11 11 
10 13 10 
11 12 12 
#map
#players
1 player1 4 1 26 2
2 player2 1 1 14 4
3 player3 4 9 366 1
4 player4 1 1 14 3

round 178
#corps
3 13 1 
9 14 12 
12 13 12 
13 12 1 
17 12 11 
18 14 10 
19 11 1 
22 6 1 
23 13 7 2 2 -1 1 41 70 0 
24 8 12 
#tower
0 1 1 
1 13 2 2 10 2 50 100 25 1 0
2 13 11 
3 4 12 
4 14 11 
5 12 11 
6 14 12 
7 13 12 
8 14 10 
9 11 11 
10 13 10 
11 12 12 
#map
#players
1 player1 4 1 26 2
2 player2 1 1 14 3
3 player3 4 9 366 1
4 player4 1 1 14 4

round 179
#corps
3 13 1 
9 14 12 
12 13 12 
13 12 1 
17 12 11 
18 14 10 
19 11 1 
22 6 1 
23 13 7 
24 8 12 
#tower
0 1 1 
1 13 2 
2 13 11 3 25 5 35 160 32 4 0
3 4 12 
4 14 11 3 25 5 110 160 32 4 0
5 12 11 3 25 5 135 160 32 4 0
6 14 12 3 25 5 110 160 32 4 0
7 13 12 3 30 -1 -1 180 35 5 0
8 14 10 3 20 5 40 140 29 3 0
9 11 11 3 25 5 85 160 32 4 0
10 13 10 3 25 5 85 160 32 4 0
11 12 12 3 25 5 135 160 32 4 0
#map
#players
1 player1 4 1 26 2
2 player2 1 1 14 3
3 player3 4 9 376 1
4 player4 1 1 14 4

round 180
#corps
3 13 1 
9 14 12 
12 13 12 
13 12 1 
17 12 11 
18 14 10 
19 11 1 
22 6 1 
23 13 7 
24 9 12 4 2 -1 2 44 70 0 
#tower
0 1 1 
1 13 2 
2 13 11 
3 4 12 4 10 2 50 100 25 1 0
4 14 11 
5 12 11 
6 14 12 
7 13 12 
8 14 10 
9 11 11 
10 13 10 
11 12 12 
#map
#players
1 player1 4 1 26 2
2 player2 1 1 14 4
3 player3 4 9 376 1
4 player4 1 1 14 3

round 181
#corps
3 13 1 
9 14 12 
12 13 12 
13 12 1 
17 12 11 
18 14 10 
19 11 1 
22 7 1 1 2 -1 0 41 70 0 
23 13 7 
24 9 12 
#tower
0 1 1 1 10 2 40 100 25 1 0
1 13 2 
2 13 11 
3 4 12 
4 14 11 
5 12 11 
6 14 12 
7 13 12 
8 14 10 
9 11 11 
10 13 10 
11 12 12 
#map
#players
1 player1 4 1 26 2
2 player2 1 1 14 3
3 player3 4 9 376 1
4 player4 1 1 14 4

round 182
#corps
3 13 1 
9 14 12 
12 13 12 
13 12 1 
17 12 11 
18 14 10 
19 11 1 
22 7 1 
23 13 8 2 2 -1 0 41 70 0 
24 9 12 
#tower
0 1 1 
1 13 2 2 10 2 40 100 25 1 0
2 13 11 
3 4 12 
4 14 11 
5 12 11 
6 14 12 
7 13 12 
8 14 10 
9 11 11 
10 13 10 
11 12 12 
#map
#players
1 player1 4 1 26 2
2 player2 1 1 14 3
3 player3 4 9 376 1
4 player4 1 1 14 4

round 183
#corps
3 13 1 
9 14 12 
12 13 12 
13 12 1 
17 12 11 
18 14 10 
19 11 1 
22 7 1 
23 13 8 
24 9 12 
#tower
0 1 1 
1 13 2 
2 13 11 3 25 5 10 160 32 4 0
3 4 12 
4 14 11 3 25 5 85 160 32 4 0
5 12 11 3 25 5 110 160 32 4 0
6 14 12 3 25 5 85 160 32 4 0
7 13 12 3 30 5 170 180 35 5 0
8 14 10 
9 11 11 
10 13 10 
11 12 12 3 25 5 110 160 32 4 0
#map
#players
1 player1 4 1 26 2
2 player2 1 1 14 3
3 player3 4 9 376 1
4 player4 1 1 14 4

round 184
#corps
3 13 1 
9 14 12 
12 13 12 
13 12 1 
17 12 11 
18 14 10 
19 11 1 
22 7 1 
23 13 8 
24 10 12 4 2 -1 0 34 53 0 
#tower
0 1 1 
1 13 2 
2 13 11 
3 4 12 4 10 2 40 100 25 1 0
4 14 11 
5 12 11 
6 14 12 
7 13 12 
8 14 10 
9 11 11 3 25 5 85 136 32 4 0
10 13 10 
11 12 12 
#map
#players
1 player1 4 1 26 2
2 player2 1 1 14 3
3 player3 4 9 376 1
4 player4 1 1 14 4

round 185
#corps
3 13 1 
9 14 12 
12 13 12 
13 12 1 
17 12 11 
18 14 10 
19 11 1 
22 8 1 1 2 -1 1 44 70 0 
23 13 8 
24 10 12 
#tower
0 1 1 1 10 2 30 100 25 1 0
1 13 2 
2 13 11 
3 4 12 
4 14 11 
5 12 11 
6 14 12 
7 13 12 
8 14 10 
9 11 11 
10 13 10 
11 12 12 
#map
#players
1 player1 4 1 26 2
2 player2 1 1 14 4
3 player3 4 9 376 1
4 player4 1 1 14 3

round 186
#corps
3 13 1 
9 14 12 
12 13 12 
13 12 1 
17 12 11 
18 14 10 
19 11 1 
22 8 1 
23 13 9 2 2 -1 0 34 54 0 
24 10 12 
#tower
0 1 1 
1 13 2 2 10 2 30 100 25 1 0
2 13 11 
3 4 12 
4 14 11 
5 12 11 
6 14 12 
7 13 12 
8 14 10 3 20 5 40 115 29 3 0
9 11 11 
10 13 10 
11 12 12 
#map
#players
1 player1 4 1 26 2
2 player2 1 1 14 4
3 player3 4 9 376 1
4 player4 1 1 14 3

round 187
#corps
3 13 1 
9 14 12 
12 13 12 
13 12 1 
17 12 11 
18 14 10 
19 11 1 
22 8 1 
23 13 9 
24 10 12 
#tower
0 1 1 
1 13 2 
2 13 11 
3 4 12 
4 14 11 
5 12 11 
6 14 12 3 25 5 60 160 32 4 0
7 13 12 3 30 5 140 180 35 5 0
8 14 10 
9 11 11 
10 13 10 
11 12 12 
#map
#players
1 player1 4 1 26 2
2 player2 1 1 14 4
3 player3 4 9 376 1
4 player4 1 1 14 3

round 188
#corps
3 13 1 
9 14 12 
12 13 12 
13 12 1 
17 12 11 
18 14 10 
19 11 1 
22 8 1 
23 13 9 
24 11 12 4 2 -1 0 16 25 0 
#tower
0 1 1 
1 13 2 
2 13 11 
3 4 12 4 10 2 30 100 25 1 0
4 14 11 
5 12 11 3 25 5 110 145 32 4 0
6 14 12 
7 13 12 
8 14 10 
9 11 11 
10 13 10 
11 12 12 
#map
#players
1 player1 4 1 26 2
2 player2 1 1 14 3
3 player3 4 9 376 1
4 player4 1 1 14 4

round 189
#corps
3 13 1 
9 14 12 
12 13 12 
13 12 1 
17 12 11 
18 14 10 
19 11 1 
22 9 1 1 2 -1 2 44 70 0 
23 13 9 
24 11 12 
#tower
0 1 1 1 10 2 20 100 25 1 0
1 13 2 
2 13 11 
3 4 12 
4 14 11 
5 12 11 
6 14 12 
7 13 12 
8 14 10 
9 11 11 
10 13 10 
11 12 12 
#map
#players
1 player1 4 1 26 2
2 player2 1 1 14 3
3 player3 4 9 376 1
4 player4 1 1 14 4

round 190
#corps
3 13 1 
9 14 12 
12 13 12 
13 12 1 
17 12 11 
18 14 10 
19 11 1 
22 9 1 
23 13 9 2 2 -1 0 19 30 0 
24 11 12 
#tower
0 1 1 
1 13 2 2 10 2 20 100 25 1 0
2 13 11 
3 4 12 
4 14 11 
5 12 11 
6 14 12 
7 13 12 
8 14 10 3 20 5 40 99 29 3 0
9 11 11 
10 13 10 
11 12 12 
#map
#players
1 player1 4 1 26 2
2 player2 1 1 14 3
3 player3 4 9 376 1
4 player4 1 1 14 4

round 191
#corps
3 13 1 
9 14 12 
12 13 12 
13 12 1 
17 12 11 
18 14 10 
19 11 1 
22 9 1 
23 13 9 
24 11 12 
#tower
0 1 1 
1 13 2 
2 13 11 
3 4 12 
4 14 11 
5 12 11 
6 14 12 3 25 5 35 160 32 4 0
7 13 12 
8 14 10 
9 11 11 
10 13 10 
11 12 12 
#map
#players
1 player1 4 1 26 2
2 player2 1 1 14 4
3 player3 4 9 376 1
4 player4 1 1 14 3

round 192
#corps
3 13 1 
9 14 12 
12 13 12 
13 12 1 
17 12 11 
18 14 10 
19 11 1 
22 9 1 
23 13 9 
#tower
0 1 1 
1 13 2 
2 13 11 
3 4 12 4 10 2 20 100 25 1 0
4 14 11 
5 12 11 3 25 5 110 138 32 4 0
6 14 12 
7 13 12 
8 14 10 
9 11 11 
10 13 10 
11 12 12 
#map
#players
1 player1 4 1 26 2
2 player2 1 1 14 3
3 player3 4 9 376 1
4 player4 0 1 10 4

round 193
#corps
3 13 1 
9 14 12 
12 13 12 
13 12 1 
17 12 11 
18 14 10 
19 11 1 
22 10 1 1 2 -1 2 44 70 0 
23 13 9 
#tower
0 1 1 1 10 2 10 100 25 1 0
1 13 2 
2 13 11 
3 4 12 
4 14 11 
5 12 11 
6 14 12 
7 13 12 
8 14 10 
9 11 11 
10 13 10 
11 12 12 
#map
#players
1 player1 4 1 26 2
2 player2 1 1 14 3
3 player3 4 9 376 1
4 player4 0 1 10 4

round 194
#corps
3 13 1 
9 14 12 
12 13 12 
13 12 1 
17 12 11 
18 14 10 
19 11 1 
22 10 1 
#tower
0 1 1 
1 13 2 2 10 2 10 100 25 1 0
2 13 11 
3 4 12 
4 14 11 
5 12 11 
6 14 12 
7 13 12 
8 14 10 3 20 5 40 90 29 3 0
9 11 11 
10 13 10 
11 12 12 
#map
#players
1 player1 4 1 26 2
2 player2 0 1 10 3
3 player3 4 9 376 1
4 player4 0 1 10 4

round 195
#corps
3 13 1 
9 14 12 
12 13 12 
13 12 1 
17 12 11 
19 11 1 
22 10 1 
25 14 10 3 3 3 2 -1 -1 1 
#tower
0 1 1 
1 13 2 
2 13 11 3 30 -1 -1 180 35 5 0
3 4 12 
4 14 11 
5 12 11 3 25 5 85 138 32 4 0
6 14 12 
7 13 12 3 30 5 110 180 35 5 0
8 14 10 3 20 -1 -1 136 29 3 0
9 11 11 3 25 5 60 136 32 4 0
10 13 10 3 25 5 60 160 32 4 0
11 12 12 3 25 5 85 160 32 4 0
#map
#players
1 player1 4 1 26 2
2 player2 0 1 10 3
3 player3 4 9 386 1
4 player4 0 1 10 4

round 196
#corps
3 13 1 
9 14 12 
12 13 12 
13 12 1 
17 12 11 
19 11 1 
22 10 1 
25 14 10 
#tower
0 1 1 
1 13 2 
2 13 11 
3 4 12 4 10 2 10 100 25 1 0
4 14 11 
5 12 11 
6 14 12 
7 13 12 
8 14 10 
9 11 11 
10 13 10 
11 12 12 
#map
#players
1 player1 4 1 26 2
2 player2 0 1 10 3
3 player3 4 9 386 1
4 player4 0 1 10 4

round 197
#corps
3 13 1 
9 14 12 
12 13 12 
13 12 1 
17 12 11 
19 11 1 
22 10 1 1 2 -1 4 44 70 0 
25 14 10 
26 1 1 1 2 -1 4 44 70 1 
#tower
0 1 1 1 10 -1 -1 100 25 1 0
1 13 2 
2 13 11 
3 4 12 
4 14 11 
5 12 11 
6 14 12 
7 13 12 
8 14 10 
9 11 11 
10 13 10 
11 12 12 
#map
#players
1 player1 5 1 30 2
2 player2 0 1 10 4
3 player3 4 9 386 1
4 player4 0 1 10 3

round 198
#corps
3 13 1 
9 14 12 
12 13 12 
13 12 1 
17 12 11 
19 11 1 
22 10 1 
25 14 10 
26 1 1 
27 13 2 2 2 -1 4 44 70 1 
#tower
0 1 1 
1 13 2 2 10 -1 -1 100 25 1 0
2 13 11 
3 4 12 
4 14 11 
5 12 11 
6 14 12 
7 13 12 
8 14 10 
9 11 11 
10 13 10 
11 12 12 
#map
#players
1 player1 5 1 30 2
2 player2 1 1 14 3
3 player3 4 9 386 1
4 player4 0 1 10 4

round 199
#corps
3 13 1 
9 14 12 
12 13 12 
13 12 1 
17 12 11 
19 11 1 
22 10 1 
25 14 10 
26 1 1 
27 13 2 
#tower
0 1 1 
1 13 2 
2 13 11 3 30 5 170 180 35 5 0
3 4 12 
4 14 11 3 25 5 60 160 32 4 0
5 12 11 3 25 5 60 138 32 4 0
6 14 12 3 25 5 10 160 32 4 0
7 13 12 3 30 5 80 180 35 5 0
8 14 10 3 20 5 20 136 29 3 0
9 11 11 3 25 5 35 136 32 4 0
10 13 10 3 25 5 35 160 32 4 0
11 12 12 3 25 5 60 160 32 4 0
#map
#players
1 player1 5 1 30 2
2 player2 1 1 14 3
3 player3 4 9 386 1
4 player4 0 1 10 4

round 200
#corps
3 13 1 
9 14 12 
12 13 12 
13 12 1 
17 12 11 
19 11 1 
22 10 1 
25 14 10 
26 1 1 
27 13 2 
28 4 12 4 2 -1 4 44 70 1 
#tower
0 1 1 
1 13 2 
2 13 11 
3 4 12 4 10 -1 -1 100 25 1 0
4 14 11 
5 12 11 
6 14 12 
7 13 12 
8 14 10 
9 11 11 
10 13 10 
11 12 12 
#map
#players
1 player1 5 1 30 2
2 player2 1 1 14 4
3 player3 4 9 386 1
4 player4 1 1 14 3

round 201
#corps
3 13 1 
9 14 12 
12 13 12 
13 12 1 
17 12 11 
19 11 1 
22 10 1 
25 14 10 
26 1 1 
27 13 2 
28 4 12 
#tower
0 1 1 1 10 2 90 100 25 1 0
1 13 2 
2 13 11 
3 4 12 
4 14 11 
5 12 11 
6 14 12 
7 13 12 
8 14 10 
9 11 11 
10 13 10 
11 12 12 
#map
#players
1 player1 5 1 30 2
2 player2 1 1 14 3
3 player3 4 9 386 1
4 player4 1 1 14 4

round 202
#corps
3 13 1 
9 14 12 
12 13 12 
13 12 1 
17 12 11 
19 11 1 
22 10 1 
25 14 10 
26 1 1 
27 13 3 2 2 -1 3 44 70 0 
28 4 12 
#tower
0 1 1 
1 13 2 2 10 2 90 100 25 1 0
2 13 11 
3 4 12 
4 14 11 
5 12 11 
6 14 12 
7 13 12 
8 14 10 
9 11 11 
10 13 10 
11 12 12 
#map
#players
1 player1 5 1 30 2
2 player2 1 1 14 4
3 player3 4 9 386 1
4 player4 1 1 14 3

round 203
#corps
3 13 1 
9 14 12 
12 13 12 
13 12 1 
17 12 11 
19 11 1 
22 10 1 
25 14 10 
26 1 1 
27 13 3 
28 4 12 
#tower
0 1 1 
1 13 2 
2 13 11 3 30 5 140 180 35 5 0
3 4 12 
4 14 11 3 25 5 35 160 32 4 0
5 12 11 3 25 5 35 138 32 4 0
6 14 12 3 30 -1 -1 180 35 5 0
7 13 12 3 30 5 50 180 35 5 0
8 14 10 3 25 -1 -1 160 32 4 0
9 11 11 3 25 5 10 136 32 4 0
10 13 10 3 25 5 10 160 32 4 0
11 12 12 3 25 5 35 160 32 4 0
#map
#players
1 player1 5 1 30 2
2 player2 1 1 14 4
3 player3 4 9 406 1
4 player4 1 1 14 3

round 204
#corps
3 13 1 
9 14 12 
12 13 12 
13 12 1 
17 12 11 
19 11 1 
22 10 1 
25 14 10 
26 1 1 
27 13 3 
28 5 12 4 2 -1 3 44 70 0 
#tower
0 1 1 
1 13 2 
2 13 11 
3 4 12 4 10 2 90 100 25 1 0
4 14 11 
5 12 11 
6 14 12 
7 13 12 
8 14 10 
9 11 11 
10 13 10 
11 12 12 
#map
#players
1 player1 5 1 30 2
2 player2 1 1 14 4
3 player3 4 9 406 1
4 player4 1 1 14 3

round 205
#corps
3 13 1 
9 14 12 
12 13 12 
13 12 1 
17 12 11 
19 11 1 
22 10 1 
25 14 10 
26 1 1 
27 13 3 
28 5 12 
#tower
0 1 1 1 10 2 80 100 25 1 0
1 13 2 
2 13 11 
3 4 12 
4 14 11 
5 12 11 
6 14 12 
7 13 12 
8 14 10 
9 11 11 
10 13 10 
11 12 12 
#map
#players
1 player1 5 1 30 2
2 player2 1 1 14 4
3 player3 4 9 406 1
4 player4 1 1 14 3

round 206
#corps
3 13 1 
9 14 12 
12 13 12 
13 12 1 
17 12 11 
19 11 1 
22 10 1 
25 14 10 
26 1 1 
27 13 4 2 2 -1 2 44 70 0 
28 5 12 
#tower
0 1 1 
1 13 2 2 10 2 80 100 25 1 0
2 13 11 
3 4 12 
4 14 11 
5 12 11 
6 14 12 
7 13 12 
8 14 10 
9 11 11 
10 13 10 
11 12 12 
#map
#players
1 player1 5 1 30 2
2 player2 1 1 14 4
3 player3 4 9 406 1
4 player4 1 1 14 3

round 207
#corps
3 13 1 
9 14 12 
12 13 12 
13 12 1 
17 12 11 
19 11 1 
22 10 1 
25 14 10 
26 1 1 
27 13 4 
28 5 12 
#tower
0 1 1 
1 13 2 
2 13 11 3 30 5 110 180 35 5 0
3 4 12 
4 14 11 3 25 5 10 160 32 4 0
5 12 11 3 25 5 10 138 32 4 0
6 14 12 3 30 5 170 180 35 5 0
7 13 12 3 30 5 20 180 35 5 0
8 14 10 3 25 5 135 160 32 4 0
9 11 11 3 30 -1 -1 180 35 5 0
10 13 10 3 30 -1 -1 180 35 5 0
11 12 12 3 25 5 10 160 32 4 0
#map
#players
1 player1 5 1 30 2
2 player2 1 1 14 3
3 player3 4 9 426 1
4 player4 1 1 14 4

round 208
#corps
3 13 1 
9 14 12 
12 13 12 
13 12 1 
17 12 11 
19 11 1 
22 10 1 
25 14 10 
26 1 1 
27 13 4 
28 6 12 4 2 -1 2 44 70 0 
#tower
0 1 1 
1 13 2 
2 13 11 
3 4 12 4 10 2 80 100 25 1 0
4 14 11 
5 12 11 
6 14 12 
7 13 12 
8 14 10 
9 11 11 
10 13 10 
11 12 12 
#map
#players
1 player1 5 1 30 2
2 player2 1 1 14 3
3 player3 4 9 426 1
4 player4 1 1 14 4

round 209
#corps
3 13 1 
9 14 12 
12 13 12 
13 12 1 
17 12 11 
19 11 1 
22 10 1 
25 14 10 
26 1 1 
27 13 4 
28 6 12 
#tower
0 1 1 1 10 2 70 100 25 1 0
1 13 2 
2 13 11 
3 4 12 
4 14 11 
5 12 11 
6 14 12 
7 13 12 
8 14 10 
9 11 11 
10 13 10 
11 12 12 
#map
#players
1 player1 5 1 30 2
2 player2 1 1 14 4
3 player3 4 9 426 1
4 player4 1 1 14 3

round 210
#corps
3 13 1 
9 14 12 
12 13 12 
13 12 1 
17 12 11 
19 11 1 
22 10 1 
25 14 10 
26 1 1 
27 13 5 2 2 -1 2 44 70 0 
28 6 12 
#tower
0 1 1 
1 13 2 2 10 2 70 100 25 1 0
2 13 11 
3 4 12 
4 14 11 
5 12 11 
6 14 12 
7 13 12 
8 14 10 
9 11 11 
10 13 10 
11 12 12 
#map
#players
1 player1 5 1 30 2
2 player2 1 1 14 4
3 player3 4 9 426 1
4 player4 1 1 14 3

round 211
#corps
3 13 1 
9 14 12 
12 13 12 
13 12 1 
17 12 11 
19 11 1 
22 10 1 
25 14 10 
26 1 1 
27 13 5 
28 6 12 
#tower
0 1 1 
1 13 2 
2 13 11 3 30 5 80 180 35 5 0
3 4 12 
4 14 11 3 30 -1 -1 180 35 5 0
5 12 11 3 30 -1 -1 180 35 5 0
6 14 12 3 30 5 140 180 35 5 0
7 13 12 3 35 -1 -1 200 38 6 0
8 14 10 3 25 5 110 160 32 4 0
9 11 11 3 30 5 170 180 35 5 0
10 13 10 3 30 5 170 180 35 5 0
11 12 12 3 30 -1 -1 180 35 5 0
#map
#players
1 player1 5 1 30 2
2 player2 1 1 14 4
3 player3 4 9 466 1
4 player4 1 1 14 3

round 212
#corps
3 13 1 
9 14 12 
12 13 12 
13 12 1 
17 12 11 
19 11 1 
22 10 1 
25 14 10 
26 1 1 
27 13 5 
28 7 12 4 2 -1 2 44 70 0 
#tower
0 1 1 
1 13 2 
2 13 11 
3 4 12 4 10 2 70 100 25 1 0
4 14 11 
5 12 11 
6 14 12 
7 13 12 
8 14 10 
9 11 11 
10 13 10 
11 12 12 
#map
#players
1 player1 5 1 30 2
2 player2 1 1 14 4
3 player3 4 9 466 1
4 player4 1 1 14 3

round 213
#corps
3 13 1 
9 14 12 
12 13 12 
13 12 1 
17 12 11 
19 11 1 
22 10 1 
25 14 10 
26 1 1 
27 13 5 
28 7 12 
#tower
0 1 1 1 10 2 60 100 25 1 0
1 13 2 
2 13 11 
3 4 12 
4 14 11 
5 12 11 
6 14 12 
7 13 12 
8 14 10 
9 11 11 
10 13 10 
11 12 12 
#map
#players
1 player1 5 1 30 2
2 player2 1 1 14 4
3 player3 4 9 466 1
4 player4 1 1 14 3

round 214
#corps
3 13 1 
9 14 12 
12 13 12 
13 12 1 
17 12 11 
19 11 1 
22 10 1 
25 14 10 
26 1 1 
27 13 6 2 2 -1 3 44 70 0 
28 7 12 
#tower
0 1 1 
1 13 2 2 10 2 60 100 25 1 0
2 13 11 
3 4 12 
4 14 11 
5 12 11 
6 14 12 
7 13 12 
8 14 10 
9 11 11 
10 13 10 
11 12 12 
#map
#players
1 player1 5 1 30 2
2 player2 1 1 14 4
3 player3 4 9 466 1
4 player4 1 1 14 3

round 215
#corps
3 13 1 
9 14 12 
12 13 12 
13 12 1 
17 12 11 
19 11 1 
22 10 1 
25 14 10 
26 1 1 
27 13 6 
28 7 12 
#tower
0 1 1 
1 13 2 
2 13 11 3 30 5 50 180 35 5 0
3 4 12 
4 14 11 3 30 5 170 180 35 5 0
5 12 11 3 30 5 170 180 35 5 0
6 14 12 3 30 5 110 180 35 5 0
7 13 12 3 35 5 205 200 38 6 0
8 14 10 3 25 5 85 160 32 4 0
9 11 11 3 30 5 140 180 35 5 0
10 13 10 3 30 5 140 180 35 5 0
11 12 12 3 30 5 170 180 35 5 0
#map
#players
1 player1 5 1 30 2
2 player2 1 1 14 4
3 player3 4 9 466 1
4 player4 1 1 14 3

round 216
#corps
3 13 1 
9 14 12 
12 13 12 
13 12 1 
17 12 11 
19 11 1 
22 10 1 
25 14 10 
26 1 1 
27 13 6 
28 8 12 4 2 -1 2 44 70 0 
#tower
0 1 1 
1 13 2 
2 13 11 
3 4 12 4 10 2 60 100 25 1 0
4 14 11 
5 12 11 
6 14 12 
7 13 12 
8 14 10 
9 11 11 
10 13 10 
11 12 12 
#map
#players
1 player1 5 1 30 2
2 player2 1 1 14 4
3 player3 4 9 466 1
4 player4 1 1 14 3

round 217
#corps
3 13 1 
9 14 12 
12 13 12 
13 12 1 
17 12 11 
19 11 1 
22 10 1 
25 14 10 
26 1 1 
27 13 6 
28 8 12 
#tower
0 1 1 1 10 2 50 100 25 1 0
1 13 2 
2 13 11 
3 4 12 
4 14 11 
5 12 11 
6 14 12 
7 13 12 
8 14 10 
9 11 11 
10 13 10 
11 12 12 
#map
#players
1 player1 5 1 30 2
2 player2 1 1 14 3
3 player3 4 9 466 1
4 player4 1 1 14 4

round 218
#corps
3 13 1 
9 14 12 
12 13 12 
13 12 1 
17 12 11 
19 11 1 
22 10 1 
25 14 10 
26 1 1 
27 13 7 2 2 -1 1 41 70 0 
28 8 12 
#tower
0 1 1 
1 13 2 2 10 2 50 100 25 1 0
2 13 11 
3 4 12 
4 14 11 
5 12 11 
6 14 12 
7 13 12 
8 14 10 
9 11 11 
10 13 10 
11 12 12 
#map
#players
1 player1 5 1 30 2
2 player2 1 1 14 3
3 player3 4 9 466 1
4 player4 1 1 14 4

round 219
#corps
3 13 1 
9 14 12 
12 13 12 
13 12 1 
17 12 11 
19 11 1 
22 10 1 
25 14 10 
26 1 1 
27 13 7 
28 8 12 
#tower
0 1 1 
1 13 2 
2 13 11 3 30 5 20 180 35 5 0
3 4 12 
4 14 11 3 30 5 140 180 35 5 0
5 12 11 3 30 5 140 180 35 5 0
6 14 12 3 30 5 80 180 35 5 0
7 13 12 3 35 5 170 200 38 6 0
8 14 10 3 25 5 60 160 32 4 0
9 11 11 3 30 5 110 180 35 5 0
10 13 10 3 30 5 110 180 35 5 0
11 12 12 3 30 5 140 180 35 5 0
#map
#players
1 player1 5 1 30 2
2 player2 1 1 14 3
3 player3 4 9 466 1
4 player4 1 1 14 4

round 220
#corps
3 13 1 
9 14 12 
12 13 12 
13 12 1 
17 12 11 
19 11 1 
22 10 1 
25 14 10 
26 1 1 
27 13 7 
28 9 12 4 2 -1 2 44 70 0 
#tower
0 1 1 
1 13 2 
2 13 11 
3 4 12 4 10 2 50 100 25 1 0
4 14 11 
5 12 11 
6 14 12 
7 13 12 
8 14 10 
9 11 11 
10 13 10 
11 12 12 
#map
#players
1 player1 5 1 30 2
2 player2 1 1 14 4
3 player3 4 9 466 1
4 player4 1 1 14 3

round 221
#corps
3 13 1 
9 14 12 
12 13 12 
13 12 1 
17 12 11 
19 11 1 
22 10 1 
25 14 10 
26 1 1 
27 13 7 
28 9 12 
#tower
0 1 1 1 10 2 40 100 25 1 0
1 13 2 
2 13 11 
3 4 12 
4 14 11 
5 12 11 
6 14 12 
7 13 12 
8 14 10 
9 11 11 
10 13 10 
11 12 12 
#map
#players
1 player1 5 1 30 2
2 player2 1 1 14 3
3 player3 4 9 466 1
4 player4 1 1 14 4

round 222
#corps
3 13 1 
9 14 12 
12 13 12 
13 12 1 
17 12 11 
19 11 1 
22 10 1 
25 14 10 
26 1 1 
27 13 8 2 2 -1 0 41 70 0 
28 9 12 
#tower
0 1 1 
1 13 2 2 10 2 40 100 25 1 0
2 13 11 
3 4 12 
4 14 11 
5 12 11 
6 14 12 
7 13 12 
8 14 10 
9 11 11 
10 13 10 
11 12 12 
#map
#players
1 player1 5 1 30 2
2 player2 1 1 14 4
3 player3 4 9 466 1
4 player4 1 1 14 3

round 223
#corps
3 13 1 
9 14 12 
12 13 12 
13 12 1 
17 12 11 
19 11 1 
22 10 1 
25 14 10 
26 1 1 
27 13 8 
28 9 12 
#tower
0 1 1 
1 13 2 
2 13 11 3 35 -1 -1 200 38 6 0
3 4 12 
4 14 11 3 30 5 110 180 35 5 0
5 12 11 3 30 5 110 180 35 5 0
6 14 12 3 30 5 50 180 35 5 0
7 13 12 3 35 5 135 200 38 6 0
8 14 10 
9 11 11 
10 13 10 
11 12 12 3 30 5 110 180 35 5 0
#map
#players
1 player1 5 1 30 2
2 player2 1 1 14 4
3 player3 4 9 476 1
4 player4 1 1 14 3

round 224
#corps
3 13 1 
9 14 12 
12 13 12 
13 12 1 
17 12 11 
19 11 1 
22 10 1 
25 14 10 
26 1 1 
27 13 8 
28 10 12 4 2 -1 0 33 51 0 
#tower
0 1 1 
1 13 2 
2 13 11 
3 4 12 4 10 2 40 100 25 1 0
4 14 11 
5 12 11 
6 14 12 
7 13 12 
8 14 10 
9 11 11 3 30 5 110 159 35 5 0
10 13 10 
11 12 12 
#map
#players
1 player1 5 1 30 2
2 player2 1 1 14 3
3 player3 4 9 476 1
4 player4 1 1 14 4

round 225
#corps
3 13 1 
9 14 12 
12 13 12 
13 12 1 
17 12 11 
19 11 1 
22 10 1 
25 14 10 
26 1 1 
27 13 8 
28 10 12 
#tower
0 1 1 1 10 2 30 100 25 1 0
1 13 2 
2 13 11 
3 4 12 
4 14 11 
5 12 11 
6 14 12 
7 13 12 
8 14 10 
9 11 11 
10 13 10 
11 12 12 
#map
#players
1 player1 5 1 30 2
2 player2 1 1 14 3
3 player3 4 9 476 1
4 player4 1 1 14 4

round 226
#corps
3 13 1 
9 14 12 
12 13 12 
13 12 1 
17 12 11 
19 11 1 
22 10 1 
25 14 10 
26 1 1 
27 13 9 2 2 -1 0 33 52 0 
28 10 12 
#tower
0 1 1 
1 13 2 2 10 2 30 100 25 1 0
2 13 11 
3 4 12 
4 14 11 
5 12 11 
6 14 12 
7 13 12 
8 14 10 3 25 5 60 138 32 4 0
9 11 11 
10 13 10 
11 12 12 
#map
#players
1 player1 5 1 30 2
2 player2 1 1 14 4
3 player3 4 9 476 1
4 player4 1 1 14 3

round 227
#corps
3 13 1 
9 14 12 
12 13 12 
13 12 1 
17 12 11 
19 11 1 
22 10 1 
25 14 10 
26 1 1 
27 13 9 
28 10 12 
#tower
0 1 1 
1 13 2 
2 13 11 3 35 -1 -1 200 38 6 0
3 4 12 
4 14 11 
5 12 11 
6 14 12 3 30 5 20 180 35 5 0
7 13 12 3 35 5 100 200 38 6 0
8 14 10 
9 11 11 
10 13 10 
11 12 12 
#map
#players
1 player1 5 1 30 2
2 player2 1 1 14 4
3 player3 4 9 476 1
4 player4 1 1 14 3

round 228
#corps
3 13 1 
9 14 12 
12 13 12 
13 12 1 
17 12 11 
19 11 1 
22 10 1 
25 14 10 
26 1 1 
27 13 9 
28 11 12 4 2 -1 0 12 19 0 
#tower
0 1 1 
1 13 2 
2 13 11 
3 4 12 4 10 2 30 100 25 1 0
4 14 11 
5 12 11 3 30 5 110 168 35 5 0
6 14 12 
7 13 12 
8 14 10 
9 11 11 
10 13 10 
11 12 12 
#map
#players
1 player1 5 1 30 2
2 player2 1 1 14 4
3 player3 4 9 476 1
4 player4 1 1 14 3

round 229
#corps
3 13 1 
9 14 12 
12 13 12 
13 12 1 
17 12 11 
19 11 1 
22 10 1 
25 14 10 
26 1 1 
27 13 9 
28 11 12 
#tower
0 1 1 1 10 2 20 100 25 1 0
1 13 2 
2 13 11 
3 4 12 
4 14 11 
5 12 11 
6 14 12 
7 13 12 
8 14 10 
9 11 11 
10 13 10 
11 12 12 
#map
#players
1 player1 5 1 30 2
2 player2 1 1 14 3
3 player3 4 9 476 1
4 player4 1 1 14 4

round 230
#corps
3 13 1 
9 14 12 
12 13 12 
13 12 1 
17 12 11 
19 11 1 
22 10 1 
25 14 10 
26 1 1 
27 13 9 2 2 -1 0 15 23 0 
28 11 12 
#tower
0 1 1 
1 13 2 2 10 2 20 100 25 1 0
2 13 11 
3 4 12 
4 14 11 
5 12 11 
6 14 12 
7 13 12 
8 14 10 3 25 5 60 124 32 4 0
9 11 11 
10 13 10 
11 12 12 
#map
#players
1 player1 5 1 30 2
2 player2 1 1 14 4
3 player3 4 9 476 1
4 player4 1 1 14 3

round 231
#corps
3 13 1 
9 14 12 
12 13 12 
13 12 1 
17 12 11 
19 11 1 
22 10 1 
25 14 10 
26 1 1 
27 13 9 
28 11 12 
#tower
0 1 1 
1 13 2 
2 13 11 3 35 -1 -1 200 38 6 0
3 4 12 
4 14 11 
5 12 11 
6 14 12 3 35 -1 -1 200 38 6 0
7 13 12 
8 14 10 
9 11 11 
10 13 10 
11 12 12 
#map
#players
1 player1 5 1 30 2
2 player2 1 1 14 3
3 player3 4 9 486 1
4 player4 1 1 14 4

round 232
#corps
3 13 1 
9 14 12 
12 13 12 
13 12 1 
17 12 11 
19 11 1 
22 10 1 
25 14 10 
26 1 1 
27 13 9 
#tower
0 1 1 
1 13 2 
2 13 11 
3 4 12 4 10 2 20 100 25 1 0
4 14 11 
5 12 11 3 30 5 110 163 35 5 0
6 14 12 
7 13 12 
8 14 10 
9 11 11 
10 13 10 
11 12 12 
#map
#players
1 player1 5 1 30 2
2 player2 1 1 14 3
3 player3 4 9 486 1
4 player4 0 1 10 4

round 233
#corps
3 13 1 
9 14 12 
12 13 12 
13 12 1 
17 12 11 
19 11 1 
22 10 1 
25 14 10 
26 1 1 
27 13 9 
#tower
0 1 1 1 10 2 10 100 25 1 0
1 13 2 
2 13 11 
3 4 12 
4 14 11 
5 12 11 
6 14 12 
7 13 12 
8 14 10 
9 11 11 
10 13 10 
11 12 12 
#map
#players
1 player1 5 1 30 2
2 player2 1 1 14 3
3 player3 4 9 486 1
4 player4 0 1 10 4

round 234
#corps
3 13 1 
9 14 12 
12 13 12 
13 12 1 
17 12 11 
19 11 1 
22 10 1 
25 14 10 
26 1 1 
#tower
0 1 1 
1 13 2 2 10 2 10 100 25 1 0
2 13 11 
3 4 12 
4 14 11 
5 12 11 
6 14 12 
7 13 12 
8 14 10 3 25 5 60 117 32 4 0
9 11 11 
10 13 10 
11 12 12 
#map
#players
1 player1 5 1 30 2
2 player2 0 1 10 4
3 player3 4 9 486 1
4 player4 0 1 10 3

round 235
#corps
3 13 1 
9 14 12 
12 13 12 
13 12 1 
17 12 11 
19 11 1 
22 10 1 
25 14 10 
26 1 1 
#tower
0 1 1 
1 13 2 
2 13 11 3 35 5 205 200 38 6 0
3 4 12 
4 14 11 3 30 5 80 180 35 5 0
5 12 11 3 30 5 80 163 35 5 0
6 14 12 3 35 5 205 200 38 6 0
7 13 12 3 35 5 65 200 38 6 0
8 14 10 3 25 5 35 117 32 4 0
9 11 11 3 30 5 80 159 35 5 0
10 13 10 3 30 5 80 180 35 5 0
11 12 12 3 30 5 80 180 35 5 0
#map
#players
1 player1 5 1 30 2
2 player2 0 1 10 4
3 player3 4 9 486 1
4 player4 0 1 10 3

round 236
#corps
3 13 1 
9 14 12 
12 13 12 
13 12 1 
17 12 11 
19 11 1 
22 10 1 
25 14 10 
26 1 1 
#tower
0 1 1 
1 13 2 
2 13 11 
3 4 12 4 10 2 10 100 25 1 0
4 14 11 
5 12 11 
6 14 12 
7 13 12 
8 14 10 
9 11 11 
10 13 10 
11 12 12 
#map
#players
1 player1 5 1 30 2
2 player2 0 1 10 4
3 player3 4 9 486 1
4 player4 0 1 10 3

round 237
#corps
3 13 1 
9 14 12 
12 13 12 
13 12 1 
17 12 11 
19 11 1 
22 10 1 
25 14 10 
26 1 1 
29 1 1 1 2 -1 4 44 70 1 
#tower
0 1 1 1 10 -1 -1 100 25 1 0
1 13 2 
2 13 11 
3 4 12 
4 14 11 
5 12 11 
6 14 12 
7 13 12 
8 14 10 
9 11 11 
10 13 10 
11 12 12 
#map
#players
1 player1 6 1 34 2
2 player2 0 1 10 4
3 player3 4 9 486 1
4 player4 0 1 10 3

round 238
#corps
3 13 1 
9 14 12 
12 13 12 
13 12 1 
17 12 11 
19 11 1 
22 10 1 
25 14 10 
26 1 1 
29 1 1 
30 13 2 2 2 -1 4 44 70 1 
#tower
0 1 1 
1 13 2 2 10 -1 -1 100 25 1 0
2 13 11 
3 4 12 
4 14 11 
5 12 11 
6 14 12 
7 13 12 
8 14 10 
9 11 11 
10 13 10 
11 12 12 
#map
#players
1 player1 6 1 34 2
2 player2 1 1 14 3
3 player3 4 9 486 1
4 player4 0 1 10 4

round 239
#corps
3 13 1 
9 14 12 
12 13 12 
13 12 1 
17 12 11 
19 11 1 
22 10 1 
25 14 10 
26 1 1 
29 1 1 
30 13 2 
#tower
0 1 1 
1 13 2 
2 13 11 3 35 5 170 200 38 6 0
3 4 12 
4 14 11 3 30 5 50 180 35 5 0
5 12 11 3 30 5 50 163 35 5 0
6 14 12 3 35 5 170 200 38 6 0
7 13 12 3 35 5 30 200 38 6 0
8 14 10 3 25 5 10 117 32 4 0
9 11 11 3 30 5 50 159 35 5 0
10 13 10 3 30 5 50 180 35 5 0
11 12 12 3 30 5 50 180 35 5 0
#map
#players
1 player1 6 1 34 2
2 player2 1 1 14 3
3 player3 4 9 486 1
4 player4 0 1 10 4

round 240
#corps
3 13 1 
9 14 12 
12 13 12 
13 12 1 
17 12 11 
19 11 1 
22 10 1 
25 14 10 
26 1 1 
29 1 1 
30 13 2 
31 4 12 4 2 -1 4 44 70 1 
#tower
0 1 1 
1 13 2 
2 13 11 
3 4 12 4 10 -1 -1 100 25 1 0
4 14 11 
5 12 11 
6 14 12 
7 13 12 
8 14 10 
9 11 11 
10 13 10 
11 12 12 
#map
#players
1 player1 6 1 34 2
2 player2 1 1 14 4
3 player3 4 9 486 1
4 player4 1 1 14 3

round 241
#corps
3 13 1 
9 14 12 
12 13 12 
13 12 1 
17 12 11 
19 11 1 
22 10 1 
25 14 10 
26 1 1 
29 1 1 
30 13 2 
31 4 12 
#tower
0 1 1 1 10 2 90 100 25 1 0
1 13 2 
2 13 11 
3 4 12 
4 14 11 
5 12 11 
6 14 12 
7 13 12 
8 14 10 
9 11 11 
10 13 10 
11 12 12 
#map
#players
1 player1 6 1 34 2
2 player2 1 1 14 3
3 player3 4 9 486 1
4 player4 1 1 14 4

round 242
#corps
3 13 1 
9 14 12 
12 13 12 
13 12 1 
17 12 11 
19 11 1 
22 10 1 
25 14 10 
26 1 1 
29 1 1 
30 13 3 2 2 -1 3 44 70 0 
31 4 12 
#tower
0 1 1 
1 13 2 2 10 2 90 100 25 1 0
2 13 11 
3 4 12 
4 14 11 
5 12 11 
6 14 12 
7 13 12 
8 14 10 
9 11 11 
10 13 10 
11 12 12 
#map
#players
1 player1 6 1 34 2
2 player2 1 1 14 4
3 player3 4 9 486 1
4 player4 1 1 14 3

round 243
#corps
3 13 1 
9 14 12 
12 13 12 
13 12 1 
17 12 11 
19 11 1 
22 10 1 
25 14 10 
26 1 1 
29 1 1 
30 13 3 
31 4 12 
#tower
0 1 1 
1 13 2 
2 13 11 3 35 5 135 200 38 6 0
3 4 12 
4 14 11 3 30 5 20 180 35 5 0
5 12 11 3 30 5 20 163 35 5 0
6 14 12 3 35 5 135 200 38 6 0
7 13 12 3 40 -1 -1 220 41 7 0
8 14 10 3 30 -1 -1 180 35 5 0
9 11 11 3 30 5 20 159 35 5 0
10 13 10 3 30 5 20 180 35 5 0
11 12 12 3 30 5 20 180 35 5 0
#map
#players
1 player1 6 1 34 2
2 player2 1 1 14 3
3 player3 4 9 506 1
4 player4 1 1 14 4

round 244
#corps
3 13 1 
9 14 12 
12 13 12 
13 12 1 
17 12 11 
19 11 1 
22 10 1 
25 14 10 
26 1 1 
29 1 1 
30 13 3 
31 5 12 4 2 -1 3 44 70 0 
#tower
0 1 1 
1 13 2 
2 13 11 
3 4 12 4 10 2 90 100 25 1 0
4 14 11 
5 12 11 
6 14 12 
7 13 12 
8 14 10 
9 11 11 
10 13 10 
11 12 12 
#map
#players
1 player1 6 1 34 2
2 player2 1 1 14 4
3 player3 4 9 506 1
4 player4 1 1 14 3

round 245
#corps
3 13 1 
9 14 12 
12 13 12 
13 12 1 
17 12 11 
19 11 1 
22 10 1 
25 14 10 
26 1 1 
29 1 1 
30 13 3 
31 5 12 
#tower
0 1 1 1 10 2 80 100 25 1 0
1 13 2 
2 13 11 
3 4 12 
4 14 11 
5 12 11 
6 14 12 
7 13 12 
8 14 10 
9 11 11 
10 13 10 
11 12 12 
#map
#players
1 player1 6 1 34 2
2 player2 1 1 14 4
3 player3 4 9 506 1
4 player4 1 1 14 3

round 246
#corps
3 13 1 
9 14 12 
12 13 12 
13 12 1 
17 12 11 
19 11 1 
22 10 1 
25 14 10 
26 1 1 
29 1 1 
30 13 4 2 2 -1 2 44 70 0 
31 5 12 
#tower
0 1 1 
1 13 2 2 10 2 80 100 25 1 0
2 13 11 
3 4 12 
4 14 11 
5 12 11 
6 14 12 
7 13 12 
8 14 10 
9 11 11 
10 13 10 
11 12 12 
#map
#players
1 player1 6 1 34 2
2 player2 1 1 14 3
3 player3 4 9 506 1
4 player4 1 1 14 4

round 247
#corps
3 13 1 
9 14 12 
12 13 12 
13 12 1 
17 12 11 
19 11 1 
22 10 1 
25 14 10 
26 1 1 
29 1 1 
30 13 4 
31 5 12 
#tower
0 1 1 
1 13 2 
2 13 11 3 35 5 100 200 38 6 0
3 4 12 
4 14 11 3 35 -1 -1 200 38 6 0
5 12 11 3 35 -1 -1 200 38 6 0
6 14 12 3 35 5 100 200 38 6 0
7 13 12 3 40 5 240 220 41 7 0
8 14 10 3 30 5 170 180 35 5 0
9 11 11 3 35 -1 -1 200 38 6 0
10 13 10 3 35 -1 -1 200 38 6 0
11 12 12 3 35 -1 -1 200 38 6 0
#map
#players
1 player1 6 1 34 2
2 player2 1 1 14 4
3 player3 4 9 556 1
4 player4 1 1 14 3

round 248
#corps
3 13 1 
9 14 12 
12 13 12 
13 12 1 
17 12 11 
19 11 1 
22 10 1 
25 14 10 
26 1 1 
29 1 1 
30 13 4 
31 6 12 4 2 -1 2 44 70 0 
#tower
0 1 1 
1 13 2 
2 13 11 
3 4 12 4 10 2 80 100 25 1 0
4 14 11 
5 12 11 
6 14 12 
7 13 12 
8 14 10 
9 11 11 
10 13 10 
11 12 12 
#map
#players
1 player1 6 1 34 2
2 player2 1 1 14 3
3 player3 4 9 556 1
4 player4 1 1 14 4

round 249
#corps
3 13 1 
9 14 12 
12 13 12 
13 12 1 
17 12 11 
19 11 1 
22 10 1 
25 14 10 
26 1 1 
29 1 1 
30 13 4 
31 6 12 
#tower
0 1 1 1 10 2 70 100 25 1 0
1 13 2 
2 13 11 
3 4 12 
4 14 11 
5 12 11 
6 14 12 
7 13 12 
8 14 10 
9 11 11 
10 13 10 
11 12 12 
#map
#players
1 player1 6 1 34 2
2 player2 1 1 14 4
3 player3 4 9 556 1
4 player4 1 1 14 3

round 250
#corps
3 13 1 
9 14 12 
12 13 12 
13 12 1 
17 12 11 
19 11 1 
22 10 1 
25 14 10 
26 1 1 
29 1 1 
30 13 5 2 2 -1 2 44 70 0 
31 6 12 
#tower
0 1 1 
1 13 2 2 10 2 70 100 25 1 0
2 13 11 
3 4 12 
4 14 11 
5 12 11 
6 14 12 
7 13 12 
8 14 10 
9 11 11 
10 13 10 
11 12 12 
#map
#players
1 player1 6 1 34 2
2 player2 1 1 14 4
3 player3 4 9 556 1
4 player4 1 1 14 3

round 251
#corps
3 13 1 
9 14 12 
12 13 12 
13 12 1 
17 12 11 
19 11 1 
22 10 1 
25 14 10 
26 1 1 
29 1 1 
30 13 5 
31 6 12 
#tower
0 1 1 
1 13 2 
2 13 11 3 35 5 65 200 38 6 0
3 4 12 
4 14 11 3 35 5 205 200 38 6 0
5 12 11 3 35 5 205 200 38 6 0
6 14 12 3 35 5 65 200 38 6 0
7 13 12 3 40 5 200 220 41 7 0
8 14 10 3 30 5 140 180 35 5 0
9 11 11 3 35 5 205 200 38 6 0
10 13 10 3 35 5 205 200 38 6 0
11 12 12 3 35 5 205 200 38 6 0
#map
#players
1 player1 6 1 34 2
2 player2 1 1 14 4
3 player3 4 9 556 1
4 player4 1 1 14 3

round 252
#corps
3 13 1 
9 14 12 
12 13 12 
13 12 1 
17 12 11 
19 11 1 
22 10 1 
25 14 10 
26 1 1 
29 1 1 
30 13 5 
31 7 12 4 2 -1 2 44 70 0 
#tower
0 1 1 
1 13 2 
2 13 11 
3 4 12 4 10 2 70 100 25 1 0
4 14 11 
5 12 11 
6 14 12 
7 13 12 
8 14 10 
9 11 11 
10 13 10 
11 12 12 
#map
#players
1 player1 6 1 34 2
2 player2 1 1 14 4
3 player3 4 9 556 1
4 player4 1 1 14 3

round 253
#corps
3 13 1 
9 14 12 
12 13 12 
13 12 1 
17 12 11 
19 11 1 
22 10 1 
25 14 10 
26 1 1 
29 1 1 
30 13 5 
31 7 12 
#tower
0 1 1 1 10 2 60 100 25 1 0
1 13 2 
2 13 11 
3 4 12 
4 14 11 
5 12 11 
6 14 12 
7 13 12 
8 14 10 
9 11 11 
10 13 10 
11 12 12 
#map
#players
1 player1 6 1 34 2
2 player2 1 1 14 4
3 player3 4 9 556 1
4 player4 1 1 14 3

round 254
#corps
3 13 1 
9 14 12 
12 13 12 
13 12 1 
17 12 11 
19 11 1 
22 10 1 
25 14 10 
26 1 1 
29 1 1 
30 13 6 2 2 -1 3 44 70 0 
31 7 12 
#tower
0 1 1 
1 13 2 2 10 2 60 100 25 1 0
2 13 11 
3 4 12 
4 14 11 
5 12 11 
6 14 12 
7 13 12 
8 14 10 
9 11 11 
10 13 10 
11 12 12 
#map
#players
1 player1 6 1 34 2
2 player2 1 1 14 3
3 player3 4 9 556 1
4 player4 1 1 14 4

round 255
#corps
3 13 1 
9 14 12 
12 13 12 
13 12 1 
17 12 11 
19 11 1 
22 10 1 
25 14 10 
26 1 1 
29 1 1 
30 13 6 
31 7 12 
#tower
0 1 1 
1 13 2 
2 13 11 3 35 5 30 200 38 6 0
3 4 12 
4 14 11 3 35 5 170 200 38 6 0
5 12 11 3 35 5 170 200 38 6 0
6 14 12 3 35 5 30 200 38 6 0
7 13 12 3 40 5 160 220 41 7 0
8 14 10 3 30 5 110 180 35 5 0
9 11 11 3 35 5 170 200 38 6 0
10 13 10 3 35 5 170 200 38 6 0
11 12 12 3 35 5 170 200 38 6 0
#map
#players
1 player1 6 1 34 2
2 player2 1 1 14 3
3 player3 4 9 556 1
4 player4 1 1 14 4

round 256
#corps
3 13 1 
9 14 12 
12 13 12 
13 12 1 
17 12 11 
19 11 1 
22 10 1 
25 14 10 
26 1 1 
29 1 1 
30 13 6 
31 8 12 4 2 -1 2 44 70 0 
#tower
0 1 1 
1 13 2 
2 13 11 
3 4 12 4 10 2 60 100 25 1 0
4 14 11 
5 12 11 
6 14 12 
7 13 12 
8 14 10 
9 11 11 
10 13 10 
11 12 12 
#map
#players
1 player1 6 1 34 2
2 player2 1 1 14 3
3 player3 4 9 556 1
4 player4 1 1 14 4

round 257
#corps
3 13 1 
9 14 12 
12 13 12 
13 12 1 
17 12 11 
19 11 1 
22 10 1 
25 14 10 
26 1 1 
29 1 1 
30 13 6 
31 8 12 
#tower
0 1 1 1 10 2 50 100 25 1 0
1 13 2 
2 13 11 
3 4 12 
4 14 11 
5 12 11 
6 14 12 
7 13 12 
8 14 10 
9 11 11 
10 13 10 
11 12 12 
#map
#players
1 player1 6 1 34 2
2 player2 1 1 14 3
3 player3 4 9 556 1
4 player4 1 1 14 4

round 258
#corps
3 13 1 
9 14 12 
12 13 12 
13 12 1 
17 12 11 
19 11 1 
22 10 1 
25 14 10 
26 1 1 
29 1 1 
30 13 7 2 2 -1 1 41 70 0 
31 8 12 
#tower
0 1 1 
1 13 2 2 10 2 50 100 25 1 0
2 13 11 
3 4 12 
4 14 11 
5 12 11 
6 14 12 
7 13 12 
8 14 10 
9 11 11 
10 13 10 
11 12 12 
#map
#players
1 player1 6 1 34 2
2 player2 1 1 14 4
3 player3 4 9 556 1
4 player4 1 1 14 3

round 259
#corps
3 13 1 
9 14 12 
12 13 12 
13 12 1 
17 12 11 
19 11 1 
22 10 1 
25 14 10 
26 1 1 
29 1 1 
30 13 7 
31 8 12 
#tower
0 1 1 
1 13 2 
2 13 11 3 40 -1 -1 220 41 7 0
3 4 12 
4 14 11 3 35 5 135 200 38 6 0
5 12 11 3 35 5 135 200 38 6 0
6 14 12 3 40 -1 -1 220 41 7 0
7 13 12 3 40 5 120 220 41 7 0
8 14 10 3 30 5 80 180 35 5 0
9 11 11 3 35 5 135 200 38 6 0
10 13 10 3 35 5 135 200 38 6 0
11 12 12 3 35 5 135 200 38 6 0
#map
#players
1 player1 6 1 34 2
2 player2 1 1 14 3
3 player3 4 9 576 1
4 player4 1 1 14 4

round 260
#corps
3 13 1 
9 14 12 
12 13 12 
13 12 1 
17 12 11 
19 11 1 
22 10 1 
25 14 10 
26 1 1 
29 1 1 
30 13 7 
31 9 12 4 2 -1 2 44 70 0 
#tower
0 1 1 
1 13 2 
2 13 11 
3 4 12 4 10 2 50 100 25 1 0
4 14 11 
5 12 11 
6 14 12 
7 13 12 
8 14 10 
9 11 11 
10 13 10 
11 12 12 
#map
#players
1 player1 6 1 34 2
2 player2 1 1 14 4
3 player3 4 9 576 1
4 player4 1 1 14 3

round 261
#corps
3 13 1 
9 14 12 
12 13 12 
13 12 1 
17 12 11 
19 11 1 
22 10 1 
25 14 10 
26 1 1 
29 1 1 
30 13 7 
31 9 12 
#tower
0 1 1 1 10 2 40 100 25 1 0
1 13 2 
2 13 11 
3 4 12 
4 14 11 
5 12 11 
6 14 12 
7 13 12 
8 14 10 
9 11 11 
10 13 10 
11 12 12 
#map
#players
1 player1 6 1 34 2
2 player2 1 1 14 4
3 player3 4 9 576 1
4 player4 1 1 14 3

round 262
#corps
3 13 1 
9 14 12 
12 13 12 
13 12 1 
17 12 11 
19 11 1 
22 10 1 
25 14 10 
26 1 1 
29 1 1 
30 13 8 2 2 -1 0 41 70 0 
31 9 12 
#tower
0 1 1 
1 13 2 2 10 2 40 100 25 1 0
2 13 11 
3 4 12 
4 14 11 
5 12 11 
6 14 12 
7 13 12 
8 14 10 
9 11 11 
10 13 10 
11 12 12 
#map
#players
1 player1 6 1 34 2
2 player2 1 1 14 4
3 player3 4 9 576 1
4 player4 1 1 14 3

round 263
#corps
3 13 1 
9 14 12 
12 13 12 
13 12 1 
17 12 11 
19 11 1 
22 10 1 
25 14 10 
26 1 1 
29 1 1 
30 13 8 
31 9 12 
#tower
0 1 1 
1 13 2 
2 13 11 3 40 5 240 220 41 7 0
3 4 12 
4 14 11 3 35 5 100 200 38 6 0
5 12 11 3 35 5 100 200 38 6 0
6 14 12 3 40 5 240 220 41 7 0
7 13 12 3 40 5 80 220 41 7 0
8 14 10 
9 11 11 
10 13 10 
11 12 12 3 35 5 100 200 38 6 0
#map
#players
1 player1 6 1 34 2
2 player2 1 1 14 3
3 player3 4 9 576 1
4 player4 1 1 14 4

round 264
#corps
3 13 1 
9 14 12 
12 13 12 
13 12 1 
17 12 11 
19 11 1 
22 10 1 
25 14 10 
26 1 1 
29 1 1 
30 13 8 
31 10 12 4 2 -1 0 31 48 0 
#tower
0 1 1 
1 13 2 
2 13 11 
3 4 12 4 10 2 40 100 25 1 0
4 14 11 
5 12 11 
6 14 12 
7 13 12 
8 14 10 
9 11 11 3 35 5 135 181 38 6 0
10 13 10 
11 12 12 
#map
#players
1 player1 6 1 34 2
2 player2 1 1 14 4
3 player3 4 9 576 1
4 player4 1 1 14 3

round 265
#corps
3 13 1 
9 14 12 
12 13 12 
13 12 1 
17 12 11 
19 11 1 
22 10 1 
25 14 10 
26 1 1 
29 1 1 
30 13 8 
31 10 12 
#tower
0 1 1 1 10 2 30 100 25 1 0
1 13 2 
2 13 11 
3 4 12 
4 14 11 
5 12 11 
6 14 12 
7 13 12 
8 14 10 
9 11 11 
10 13 10 
11 12 12 
#map
#players
1 player1 6 1 34 2
2 player2 1 1 14 4
3 player3 4 9 576 1
4 player4 1 1 14 3

round 266
#corps
3 13 1 
9 14 12 
12 13 12 
13 12 1 
17 12 11 
19 11 1 
22 10 1 
25 14 10 
26 1 1 
29 1 1 
30 13 9 2 2 -1 0 31 49 0 
31 10 12 
#tower
0 1 1 
1 13 2 2 10 2 30 100 25 1 0
2 13 11 
3 4 12 
4 14 11 
5 12 11 
6 14 12 
7 13 12 
8 14 10 3 30 5 80 161 35 5 0
9 11 11 
10 13 10 
11 12 12 
#map
#players
1 player1 6 1 34 2
2 player2 1 1 14 3
3 player3 4 9 576 1
4 player4 1 1 14 4

round 267
#corps
3 13 1 
9 14 12 
12 13 12 
13 12 1 
17 12 11 
19 11 1 
22 10 1 
25 14 10 
26 1 1 
29 1 1 
30 13 9 
31 10 12 
#tower
0 1 1 
1 13 2 
2 13 11 
3 4 12 
4 14 11 
5 12 11 
6 14 12 3 40 5 200 220 41 7 0
7 13 12 3 40 5 40 220 41 7 0
8 14 10 
9 11 11 
10 13 10 
11 12 12 
#map
#players
1 player1 6 1 34 2
2 player2 1 1 14 4
3 player3 4 9 576 1
4 player4 1 1 14 3

round 268
#corps
3 13 1 
9 14 12 
12 13 12 
13 12 1 
17 12 11 
19 11 1 
22 10 1 
25 14 10 
26 1 1 
29 1 1 
30 13 9 
31 11 12 4 2 -1 0 6 8 0 
#tower
0 1 1 
1 13 2 
2 13 11 
3 4 12 4 10 2 30 100 25 1 0
4 14 11 
5 12 11 3 35 5 100 190 38 6 0
6 14 12 
7 13 12 
8 14 10 
9 11 11 
10 13 10 
11 12 12 
#map
#players
1 player1 6 1 34 2
2 player2 1 1 14 3
3 player3 4 9 576 1
4 player4 1 1 14 4

round 269
#corps
3 13 1 
9 14 12 
12 13 12 
13 12 1 
17 12 11 
19 11 1 
22 10 1 
25 14 10 
26 1 1 
29 1 1 
30 13 9 
31 11 12 
#tower
0 1 1 1 10 2 20 100 25 1 0
1 13 2 
2 13 11 
3 4 12 
4 14 11 
5 12 11 
6 14 12 
7 13 12 
8 14 10 
9 11 11 
10 13 10 
11 12 12 
#map
#players
1 player1 6 1 34 2
2 player2 1 1 14 4
3 player3 4 9 576 1
4 player4 1 1 14 3

round 270
#corps
3 13 1 
9 14 12 
12 13 12 
13 12 1 
17 12 11 
19 11 1 
22 10 1 
25 14 10 
26 1 1 
29 1 1 
30 13 9 2 2 -1 0 9 14 0 
31 11 12 
#tower
0 1 1 
1 13 2 2 10 2 20 100 25 1 0
2 13 11 
3 4 12 
4 14 11 
5 12 11 
6 14 12 
7 13 12 
8 14 10 3 30 5 80 150 35 5 0
9 11 11 
10 13 10 
11 12 12 
#map
#players
1 player1 6 1 34 2
2 player2 1 1 14 4
3 player3 4 9 576 1
4 player4 1 1 14 3

round 271
#corps
3 13 1 
9 14 12 
12 13 12 
13 12 1 
17 12 11 
19 11 1 
22 10 1 
25 14 10 
26 1 1 
29 1 1 
30 13 9 
31 11 12 
#tower
0 1 1 
1 13 2 
2 13 11 
3 4 12 
4 14 11 
5 12 11 
6 14 12 3 40 5 160 220 41 7 0
7 13 12 
8 14 10 
9 11 11 
10 13 10 
11 12 12 
#map
#players
1 player1 6 1 34 2
2 player2 1 1 14 4
3 player3 4 9 576 1
4 player4 1 1 14 3

round 272
#corps
3 13 1 
9 14 12 
12 13 12 
13 12 1 
17 12 11 
19 11 1 
22 10 1 
25 14 10 
26 1 1 
29 1 1 
30 13 9 
#tower
0 1 1 
1 13 2 
2 13 11 
3 4 12 4 10 2 20 100 25 1 0
4 14 11 
5 12 11 3 35 5 100 187 38 6 0
6 14 12 
7 13 12 
8 14 10 
9 11 11 
10 13 10 
11 12 12 
#map
#players
1 player1 6 1 34 2
2 player2 1 1 14 3
3 player3 4 9 576 1
4 player4 0 1 10 4

round 273
#corps
3 13 1 
9 14 12 
12 13 12 
13 12 1 
17 12 11 
19 11 1 
22 10 1 
25 14 10 
26 1 1 
29 1 1 
30 13 9 
#tower
0 1 1 1 10 2 10 100 25 1 0
1 13 2 
2 13 11 
3 4 12 
4 14 11 
5 12 11 
6 14 12 
7 13 12 
8 14 10 
9 11 11 
10 13 10 
11 12 12 
#map
#players
1 player1 6 1 34 2
2 player2 1 1 14 3
3 player3 4 9 576 1
4 player4 0 1 10 4

round 274
#corps
3 13 1 
9 14 12 
12 13 12 
13 12 1 
17 12 11 
19 11 1 
22 10 1 
25 14 10 
26 1 1 
29 1 1 
#tower
0 1 1 
1 13 2 2 10 2 10 100 25 1 0
2 13 11 
3 4 12 
4 14 11 
5 12 11 
6 14 12 
7 13 12 
8 14 10 3 30 5 80 146 35 5 0
9 11 11 
10 13 10 
11 12 12 
#map
#players
1 player1 6 1 34 2
2 player2 0 1 10 4
3 player3 4 9 576 1
4 player4 0 1 10 3

round 275
#corps
3 13 1 
9 14 12 
12 13 12 
13 12 1 
17 12 11 
19 11 1 
22 10 1 
25 14 10 
26 1 1 
29 1 1 
#tower
0 1 1 
1 13 2 
2 13 11 3 40 5 200 220 41 7 0
3 4 12 
4 14 11 3 35 5 65 200 38 6 0
5 12 11 3 35 5 65 187 38 6 0
6 14 12 3 40 5 120 220 41 7 0
7 13 12 3 45 -1 -1 240 45 8 0
8 14 10 3 30 5 50 146 35 5 0
9 11 11 3 35 5 100 181 38 6 0
10 13 10 3 35 5 100 200 38 6 0
11 12 12 3 35 5 65 200 38 6 0
#map
#players
1 player1 6 1 34 2
2 player2 0 1 10 3
3 player3 4 9 586 1
4 player4 0 1 10 4

round 276
#corps
3 13 1 
9 14 12 
12 13 12 
13 12 1 
17 12 11 
19 11 1 
22 10 1 
25 14 10 
26 1 1 
29 1 1 
#tower
0 1 1 
1 13 2 
2 13 11 
3 4 12 4 10 2 10 100 25 1 0
4 14 11 
5 12 11 
6 14 12 
7 13 12 
8 14 10 
9 11 11 
10 13 10 
11 12 12 
#map
#players
1 player1 6 1 34 2
2 player2 0 1 10 4
3 player3 4 9 586 1
4 player4 0 1 10 3

round 277
#corps
3 13 1 
9 14 12 
12 13 12 
13 12 1 
17 12 11 
19 11 1 
22 10 1 
25 14 10 
26 1 1 
29 1 1 
32 1 1 1 2 -1 4 44 70 1 
#tower
0 1 1 1 10 -1 -1 100 25 1 0
1 13 2 
2 13 11 
3 4 12 
4 14 11 
5 12 11 
6 14 12 
7 13 12 
8 14 10 
9 11 11 
10 13 10 
11 12 12 
#map
#players
1 player1 7 1 38 2
2 player2 0 1 10 3
3 player3 4 9 586 1
4 player4 0 1 10 4

round 278
#corps
3 13 1 
9 14 12 
12 13 12 
13 12 1 
17 12 11 
19 11 1 
22 10 1 
25 14 10 
26 1 1 
29 1 1 
32 1 1 
33 13 2 2 2 -1 4 44 70 1 
#tower
0 1 1 
1 13 2 2 10 -1 -1 100 25 1 0
2 13 11 
3 4 12 
4 14 11 
5 12 11 
6 14 12 
7 13 12 
8 14 10 
9 11 11 
10 13 10 
11 12 12 
#map
#players
1 player1 7 1 38 2
2 player2 1 1 14 3
3 player3 4 9 586 1
4 player4 0 1 10 4

round 279
#corps
3 13 1 
9 14 12 
12 13 12 
13 12 1 
17 12 11 
19 11 1 
22 10 1 
25 14 10 
26 1 1 
29 1 1 
32 1 1 
33 13 2 
34 13 12 3 0 -1 2 36 60 1 
#tower
0 1 1 
1 13 2 
2 13 11 3 40 5 160 220 41 7 0
3 4 12 
4 14 11 3 35 5 30 200 38 6 0
5 12 11 3 35 5 30 187 38 6 0
6 14 12 3 40 5 80 220 41 7 0
7 13 12 3 45 -1 -1 240 45 8 0
8 14 10 3 30 5 20 146 35 5 0
9 11 11 3 35 5 65 181 38 6 0
10 13 10 3 35 5 65 200 38 6 0
11 12 12 3 35 5 30 200 38 6 0
#map
#players
1 player1 7 1 38 2
2 player2 1 1 14 3
3 player3 5 9 590 1
4 player4 0 1 10 4

round 280
#corps
3 13 1 
9 14 12 
12 13 12 
13 12 1 
17 12 11 
19 11 1 
22 10 1 
25 14 10 
26 1 1 
29 1 1 
32 1 1 
33 13 2 
34 13 12 
35 4 12 4 2 -1 4 44 70 1 
#tower
0 1 1 
1 13 2 
2 13 11 
3 4 12 4 10 -1 -1 100 25 1 0
4 14 11 
5 12 11 
6 14 12 
7 13 12 
8 14 10 
9 11 11 
10 13 10 
11 12 12 
#map
#players
1 player1 7 1 38 2
2 player2 1 1 14 3
3 player3 5 9 590 1
4 player4 1 1 14 4

round 281
#corps
3 13 1 
9 14 12 
12 13 12 
13 12 1 
17 12 11 
19 11 1 
22 10 1 
25 14 10 
26 1 1 
29 1 1 
32 1 1 
33 13 2 
34 13 12 
35 4 12 
#tower
0 1 1 1 10 2 90 100 25 1 0
1 13 2 
2 13 11 
3 4 12 
4 14 11 
5 12 11 
6 14 12 
7 13 12 
8 14 10 
9 11 11 
10 13 10 
11 12 12 
#map
#players
1 player1 7 1 38 2
2 player2 1 1 14 3
3 player3 5 9 590 1
4 player4 1 1 14 4

round 282
#corps
3 13 1 
9 14 12 
12 13 12 
13 12 1 
17 12 11 
19 11 1 
22 10 1 
25 14 10 
26 1 1 
29 1 1 
32 1 1 
33 13 3 2 2 -1 3 44 70 0 
34 13 12 
35 4 12 
#tower
0 1 1 
1 13 2 2 10 2 90 100 25 1 0
2 13 11 
3 4 12 
4 14 11 
5 12 11 
6 14 12 
7 13 12 
8 14 10 
9 11 11 
10 13 10 
11 12 12 
#map
#players
1 player1 7 1 38 2
2 player2 1 1 14 3
3 player3 5 9 590 1
4 player4 1 1 14 4

round 283
#corps
3 13 1 
9 14 12 
12 13 12 
13 12 1 
17 12 11 
19 11 1 
22 10 1 
25 14 10 
26 1 1 
29 1 1 
32 1 1 
33 13 3 
34 13 12 
35 4 12 
36 13 12 3 0 -1 2 36 60 