round 0
#corps
#tower
0 1 4 1 10 -1 -1 100 25 0 1 1
1 12 3 2 10 -1 -1 100 25 0 1 1
2 12 11 3 10 -1 -1 100 25 0 1 1
3 3 11 4 10 -1 -1 100 25 0 1 1
#map
0 0 1 1
1 0 5 1
2 0 5 1
3 0 2 1
4 0 1 1
5 0 2 1
6 0 5 0
7 0 1 0
8 0 1 0
9 0 1 2
10 0 5 2
11 0 5 2
12 0 1 2
13 0 5 2
14 0 3 2
0 1 5 1
1 1 5 1
2 1 5 1
3 1 5 1
4 1 5 1
5 1 1 1
6 1 2 0
7 1 5 0
8 1 1 0
9 1 1 2
10 1 1 2
11 1 1 2
12 1 1 2
13 1 1 2
14 1 2 2
0 2 5 1
1 2 5 1
2 2 5 1
3 2 5 1
4 2 1 1
5 2 1 1
6 2 5 0
7 2 5 0
8 2 5 0
9 2 1 2
10 2 1 2
11 2 5 2
12 2 5 2
13 2 5 2
14 2 5 2
0 3 5 1
1 3 5 1
2 3 5 1
3 3 4 1
4 3 5 1
5 3 2 1
6 3 1 0
7 3 5 0
8 3 5 0
9 3 5 2
10 3 5 2
11 3 5 2
12 3 0 2
13 3 5 2
14 3 1 2
0 4 5 1
1 4 0 1
2 4 5 1
3 4 5 1
4 4 2 1
5 4 2 1
6 4 2 0
7 4 1 0
8 4 5 0
9 4 3 2
10 4 2 2
11 4 5 2
12 4 5 2
13 4 5 2
14 4 1 2
0 5 5 1
1 5 5 1
2 5 5 1
3 5 3 1
4 5 5 1
5 5 2 1
6 5 2 0
7 5 5 0
8 5 1 0
9 5 1 2
10 5 1 2
11 5 5 2
12 5 3 2
13 5 1 2
14 5 2 2
0 6 5 0
1 6 1 0
2 6 1 0
3 6 5 0
4 6 1 0
5 6 3 0
6 6 2 0
7 6 3 0
8 6 2 0
9 6 1 0
10 6 1 0
11 6 1 0
12 6 1 0
13 6 2 0
14 6 3 0
0 7 2 0
1 7 1 0
2 7 5 0
3 7 5 0
4 7 5 0
5 7 4 0
6 7 1 0
7 7 1 0
8 7 1 0
9 7 1 0
10 7 1 0
11 7 1 0
12 7 1 0
13 7 1 0
14 7 5 0
0 8 3 0
1 8 2 0
2 8 5 0
3 8 5 0
4 8 5 0
5 8 1 0
6 8 1 0
7 8 1 0
8 8 1 0
9 8 1 0
10 8 1 0
11 8 1 0
12 8 1 0
13 8 1 0
14 8 4 0
0 9 5 4
1 9 5 4
2 9 1 4
3 9 3 4
4 9 1 4
5 9 1 4
6 9 1 0
7 9 1 0
8 9 1 0
9 9 1 3
10 9 1 3
11 9 1 3
12 9 1 3
13 9 2 3
14 9 5 3
0 10 1 4
1 10 1 4
2 10 5 4
3 10 5 4
4 10 5 4
5 10 1 4
6 10 1 0
7 10 1 0
8 10 1 0
9 10 4 3
10 10 5 3
11 10 5 3
12 10 5 3
13 10 5 3
14 10 5 3
0 11 1 4
1 11 1 4
2 11 5 4
3 11 0 4
4 11 5 4
5 11 2 4
6 11 1 0
7 11 1 0
8 11 3 0
9 11 5 3
10 11 5 3
11 11 5 3
12 11 0 3
13 11 5 3
14 11 2 3
0 12 4 4
1 12 1 4
2 12 5 4
3 12 5 4
4 12 5 4
5 12 1 4
6 12 1 0
7 12 1 0
8 12 2 0
9 12 5 3
10 12 3 3
11 12 5 3
12 12 5 3
13 12 5 3
14 12 3 3
0 13 5 4
1 13 1 4
2 13 3 4
3 13 5 4
4 13 1 4
5 13 1 4
6 13 1 0
7 13 1 0
8 13 3 0
9 13 3 3
10 13 1 3
11 13 1 3
12 13 1 3
13 13 5 3
14 13 4 3
0 14 3 4
1 14 2 4
2 14 1 4
3 14 1 4
4 14 3 4
5 14 2 4
6 14 1 0
7 14 1 0
8 14 2 0
9 14 1 3
10 14 5 3
11 14 1 3
12 14 5 3
13 14 3 3
14 14 3 3
#players
1 player1 0 1 10 1
2 player2 0 1 10 2
3 player3 0 1 10 3
4 player4 0 1 10 4
round 1
#corps
#tower
0 1 4 1 10 1 50 100 25 1 0
1 12 3
2 12 11
3 3 11
#map
#players
1 player1 0 1 10 2
2 player2 0 1 10 1
3 player3 0 1 10 3
4 player4 0 1 10 4
round 2
#corps
#tower
0 1 4
1 12 3 2 10 1 50 100 25 1 0
2 12 11
3 3 11
#map
#players
1 player1 0 1 10 1
2 player2 0 1 10 3
3 player3 0 1 10 2
4 player4 0 1 10 4
round 3
#corps
#tower
0 1 4
1 12 3
2 12 11 3 10 1 50 100 25 1 0
3 3 11
#map
#players
1 player1 0 1 10 1
2 player2 0 1 10 4
3 player3 0 1 10 2
4 player4 0 1 10 3
round 4
#corps
#tower
0 1 4
1 12 3
2 12 11
3 3 11 4 10 1 50 100 25 1 0
#map
#players
1 player1 0 1 10 1
2 player2 0 1 10 4
3 player3 0 1 10 2
4 player4 0 1 10 3
round 5
#corps
#tower
0 1 4 1 10 1 40 100 25 1 0
1 12 3
2 12 11
3 3 11
#map
#players
1 player1 0 1 10 1
2 player2 0 1 10 2
3 player3 0 1 10 4
4 player4 0 1 10 3
round 6
#corps
#tower
0 1 4
1 12 3 2 10 1 40 100 25 1 0
2 12 11
3 3 11
#map
#players
1 player1 0 1 10 4
2 player2 0 1 10 2
3 player3 0 1 10 1
4 player4 0 1 10 3
round 7
#corps
#tower
0 1 4
1 12 3
2 12 11 3 10 1 40 100 25 1 0
3 3 11
#map
#players
1 player1 0 1 10 2
2 player2 0 1 10 3
3 player3 0 1 10 1
4 player4 0 1 10 4
round 8
#corps
#tower
0 1 4
1 12 3
2 12 11
3 3 11 4 10 1 40 100 25 1 0
#map
#players
1 player1 0 1 10 3
2 player2 0 1 10 2
3 player3 0 1 10 1
4 player4 0 1 10 4
round 9
#corps
#tower
0 1 4 1 10 1 30 100 25 1 0
1 12 3
2 12 11
3 3 11
#map
#players
1 player1 0 1 10 4
2 player2 0 1 10 2
3 player3 0 1 10 3
4 player4 0 1 10 1
round 10
#corps
#tower
0 1 4
1 12 3 2 10 1 30 100 25 1 0
2 12 11
3 3 11
#map
#players
1 player1 0 1 10 3
2 player2 0 1 10 1
3 player3 0 1 10 4
4 player4 0 1 10 2
round 11
#corps
#tower
0 1 4
1 12 3
2 12 11 3 10 1 30 100 25 1 0
3 3 11
#map
#players
1 player1 0 1 10 4
2 player2 0 1 10 2
3 player3 0 1 10 3
4 player4 0 1 10 1
round 12
#corps
#tower
0 1 4
1 12 3
2 12 11
3 3 11 4 10 1 30 100 25 1 0
#map
#players
1 player1 0 1 10 4
2 player2 0 1 10 3
3 player3 0 1