round 0
#corps
#tower
0 3 2 1 10 -1 -1 100 25 1 1
1 11 4 2 10 -1 -1 100 25 1 1
2 12 12 3 10 -1 -1 100 25 1 1
3 4 11 4 10 -1 -1 100 25 1 1
#map
0 0 1 1
1 0 2 1
2 0 1 1
3 0 3 1
4 0 1 1
5 0 1 1
6 0 5 0
7 0 1 0
8 0 2 0
9 0 1 2
10 0 5 2
11 0 1 2
12 0 1 2
13 0 5 2
14 0 1 2
0 1 3 1
1 1 2 1
2 1 5 1
3 1 5 1
4 1 5 1
5 1 5 1
6 1 5 0
7 1 1 0
8 1 1 0
9 1 5 2
10 1 1 2
11 1 1 2
12 1 1 2
13 1 1 2
14 1 1 2
0 2 2 1
1 2 5 1
2 2 5 1
3 2 0 1
4 2 5 1
5 2 5 1
6 2 3 0
7 2 1 0
8 2 1 0
9 2 1 2
10 2 1 2
11 2 1 2
12 2 1 2
13 2 1 2
14 2 2 2
0 3 1 1
1 3 2 1
2 3 5 1
3 3 5 1
4 3 5 1
5 3 5 1
6 3 1 0
7 3 4 0
8 3 5 0
9 3 1 2
10 3 5 2
11 3 5 2
12 3 5 2
13 3 1 2
14 3 1 2
0 4 1 1
1 4 4 1
2 4 5 1
3 4 2 1
4 4 1 1
5 4 1 1
6 4 1 0
7 4 2 0
8 4 5 0
9 4 3 2
10 4 5 2
11 4 0 2
12 4 5 2
13 4 1 2
14 4 1 2
0 5 2 1
1 5 2 1
2 5 2 1
3 5 1 1
4 5 1 1
5 5 1 1
6 5 5 0
7 5 3 0
8 5 1 0
9 5 2 2
10 5 5 2
11 5 5 2
12 5 5 2
13 5 1 2
14 5 5 2
0 6 5 0
1 6 2 0
2 6 3 0
3 6 1 0
4 6 1 0
5 6 5 0
6 6 2 0
7 6 3 0
8 6 2 0
9 6 1 0
10 6 5 0
11 6 5 0
12 6 1 0
13 6 1 0
14 6 5 0
0 7 4 0
1 7 3 0
2 7 1 0
3 7 1 0
4 7 1 0
5 7 1 0
6 7 5 0
7 7 5 0
8 7 1 0
9 7 2 0
10 7 5 0
11 7 5 0
12 7 1 0
13 7 1 0
14 7 1 0
0 8 1 0
1 8 5 0
2 8 1 0
3 8 1 0
4 8 1 0
5 8 5 0
6 8 5 0
7 8 5 0
8 8 1 0
9 8 1 0
10 8 5 0
11 8 5 0
12 8 5 0
13 8 1 0
14 8 2 0
0 9 1 4
1 9 5 4
2 9 2 4
3 9 1 4
4 9 5 4
5 9 5 4
6 9 5 0
7 9 1 0
8 9 2 0
9 9 2 3
10 9 1 3
11 9 5 3
12 9 5 3
13 9 1 3
14 9 5 3
0 10 5 4
1 10 2 4
2 10 5 4
3 10 5 4
4 10 5 4
5 10 5 4
6 10 5 0
7 10 1 0
8 10 4 0
9 10 2 3
10 10 1 3
11 10 5 3
12 10 1 3
13 10 5 3
14 10 2 3
0 11 1 4
1 11 1 4
2 11 1 4
3 11 5 4
4 11 0 4
5 11 5 4
6 11 4 0
7 11 1 0
8 11 5 0
9 11 1 3
10 11 3 3
11 11 5 3
12 11 5 3
13 11 5 3
14 11 5 3
0 12 5 4
1 12 1 4
2 12 1 4
3 12 5 4
4 12 5 4
5 12 5 4
6 12 5 0
7 12 2 0
8 12 1 0
9 12 4 3
10 12 5 3
11 12 5 3
12 12 0 3
13 12 5 3
14 12 2 3
0 13 2 4
1 13 2 4
2 13 1 4
3 13 2 4
4 13 5 4
5 13 1 4
6 13 1 0
7 13 1 0
8 13 1 0
9 13 1 3
10 13 1 3
11 13 5 3
12 13 5 3
13 13 5 3
14 13 2 3
0 14 4 4
1 14 1 4
2 14 5 4
3 14 1 4
4 14 2 4
5 14 1 4
6 14 2 0
7 14 1 0
8 14 5 0
9 14 1 3
10 14 1 3
11 14 3 3
12 14 5 3
13 14 5 3
14 14 5 3
#players
1 player1 0 1 10 1
2 player2 0 1 10 2
3 player3 0 1 10 3
4 player4 0 1 10 4

round 1
#corps
#tower
0 3 2 1 10 2 90 100 25 1 0
1 11 4 
2 12 12 
3 4 11 
#map
#players
1 player1 0 1 10 2
2 player2 0 1 10 4
3 player3 0 1 10 3
4 player4 0 1 10 1

round 2
#corps
#tower
0 3 2 
1 11 4 2 10 2 90 100 25 1 0
2 12 12 
3 4 11 
#map
#players
1 player1 0 1 10 2
2 player2 0 1 10 4
3 player3 0 1 10 1
4 player4 0 1 10 3

round 3
#corps
#tower
0 3 2 
1 11 4 
2 12 12 3 10 4 30 100 25 1 0
3 4 11 
#map
#players
1 player1 0 1 10 4
2 player2 0 1 10 2
3 player3 0 1 10 3
4 player4 0 1 10 1

round 4
#corps
#tower
0 3 2 
1 11 4 
2 12 12 
3 4 11 4 10 2 90 100 25 1 0
#map
#players
1 player1 0 1 10 1
2 player2 0 1 10 4
3 player3 0 1 10 2
4 player4 0 1 10 3

round 5
#corps
#tower
0 3 2 1 10 2 80 100 25 1 0
1 11 4 
2 12 12 
3 4 11 
#map
#players
1 player1 0 1 10 4
2 player2 0 1 10 1
3 player3 0 1 10 2
4 player4 0 1 10 3

round 6
#corps
#tower
0 3 2 
1 11 4 2 10 2 80 100 25 1 0
2 12 12 
3 4 11 
#map
#players
1 player1 0 1 10 3
2 player2 0 1 10 4
3 player3 0 1 10 1
4 player4 0 1 10 2

round 7
#corps
#tower
0 3 2 
1 11 4 
2 12 12 3 10 4 20 100 25 1 0
3 4 11 
#map
#players
1 player1 0 1 10 3
2 player2 0 1 10 2
3 player3 0 1 10 1
4 player4 0 1 10 4

round 8
#corps
#tower
0 3 2 
1 11 4 
2 12 12 
3 4 11 4 10 2 80 100 25 1 0
#map
#players
1 player1 0 1 10 4
2 player2 0 1 10 1
3 player3 0 1 10 3
4 player4 0 1 10 2

round 9
#corps
#tower
0 3 2 1 10 2 70 100 25 1 0
1 11 4 
2 12 12 
3 4 11 
#map
#players
1 player1 0 1 10 4
2 player2 0 1 10 1
3 player3 0 1 10 2
4 player4 0 1 10 3

round 10
#corps
#tower
0 3 2 
1 11 4 2 10 2 70 100 25 1 0
2 12 12 
3 4 11 
#map
#players
1 player1 0 1 10 3
2 player2 0 1 10 2
3 player3 0 1 10 1
4 player4 0 1 10 4

round 11
#corps
#tower
0 3 2 
1 11 4 
2 12 12 3 10 4 10 100 25 1 0
3 4 11 
#map
#players
1 player1 0 1 10 4
2 player2 0 1 10 1
3 player3 0 1 10 3
4 player4 0 1 10 2

round 12
#corps
#tower
0 3 2 
1 11 4 
2 12 12 
3 4 11 4 10 2 70 100 25 1 0
#map
#players
1 player1 0 1 10 4
2 player2 0 1 10 3
3 player3 0 1 10 2
4 player4 0 1 10 1

round 13
#corps
#tower
0 3 2 1 10 2 60 100 25 1 0
1 11 4 
2 12 12 
3 4 11 
#map
#players
1 player1 0 1 10 2
2 player2 0 1 10 1
3 player3 0 1 10 4
4 player4 0 1 10 3

round 14
#corps
#tower
0 3 2 
1 11 4 2 10 2 60 100 25 1 0
2 12 12 
3 4 11 
#map
#players
1 player1 0 1 10 3
2 player2 0 1 10 1
3 player3 0 1 10 4
4 player4 0 1 10 2

round 15
#corps
0 12 12 3 4 0 2 -1 -1 1 
#tower
0 3 2 
1 11 4 
2 12 12 3 10 -1 -1 100 25 1 0
3 4 11 
#map
#players
1 player1 0 1 10 2
2 player2 0 1 10 4
3 player3 1 1 14 1
4 player4 0 1 10 3

round 16
#corps
0 12 12 
#tower
0 3 2 
1 11 4 
2 12 12 
3 4 11 4 10 2 60 100 25 1 0
#map
#players
1 player1 0 1 10 3
2 player2 0 1 10 4
3 player3 1 1 14 1
4 player4 0 1 10 2

round 17
#corps
0 12 12 
#tower
0 3 2 1 10 2 50 100 25 1 0
1 11 4 
2 12 12 
3 4 11 
#map
#players
1 player1 0 1 10 4
2 player2 0 1 10 2
3 player3 1 1 14 1
4 player4 0 1 10 3

round 18
#corps
0 12 12 
#tower
0 3 2 
1 11 4 2 10 2 50 100 25 1 0
2 12 12 
3 4 11 
#map
#players
1 player1 0 1 10 4
2 player2 0 1 10 3
3 player3 1 1 14 1
4 player4 0 1 10 2

round 19
#corps
#tower
0 3 2 
1 11 4 
2 12 12 3 10 4 30 100 25 1 0
3 4 11 
4 13 12 3 10 -1 -1 100 25 1 1
#map
8 7 1 3
9 7 2 3
10 7 5 3
11 7 5 3
12 7 1 3
13 7 1 3
14 7 1 3
8 8 1 3
9 8 1 3
10 8 5 3
11 8 5 3
12 8 5 3
13 8 1 3
14 8 2 3
8 9 2 3
8 10 4 3
8 11 5 3
8 12 1 3
13 12 0 3
8 13 1 3
8 14 5 3
#players
1 player1 0 1 10 3
2 player2 0 1 10 2
3 player3 0 2 20 1
4 player4 0 1 10 4

round 20
#corps
#tower
0 3 2 
1 11 4 
2 12 12 
3 4 11 4 10 2 50 100 25 1 0
4 13 12 
#map
#players
1 player1 0 1 10 4
2 player2 0 1 10 3
3 player3 0 2 20 1
4 player4 0 1 10 2

round 21
#corps
#tower
0 3 2 1 10 2 40 100 25 1 0
1 11 4 
2 12 12 
3 4 11 
4 13 12 
#map
#players
1 player1 0 1 10 3
2 player2 0 1 10 4
3 player3 0 2 20 1
4 player4 0 1 10 2

round 22
#corps
#tower
0 3 2 
1 11 4 2 10 2 40 100 25 1 0
2 12 12 
3 4 11 
4 13 12 
#map
#players
1 player1 0 1 10 4
2 player2 0 1 10 3
3 player3 0 2 20 1
4 player4 0 1 10 2

round 23
#corps
#tower
0 3 2 
1 11 4 
2 12 12 3 10 4 20 100 25 1 0
3 4 11 
4 13 12 3 10 4 30 100 25 1 0
#map
#players
1 player1 0 1 10 4
2 player2 0 1 10 2
3 player3 0 2 20 1
4 player4 0 1 10 3

round 24
#corps
#tower
0 3 2 
1 11 4 
2 12 12 
3 4 11 4 10 2 40 100 25 1 0
4 13 12 
#map
#players
1 player1 0 1 10 3
2 player2 0 1 10 4
3 player3 0 2 20 1
4 player4 0 1 10 2

round 25
#corps
#tower
0 3 2 1 10 2 30 100 25 1 0
1 11 4 
2 12 12 
3 4 11 
4 13 12 
#map
#players
1 player1 0 1 10 2
2 player2 0 1 10 4
3 player3 0 2 20 1
4 player4 0 1 10 3

round 26
#corps
#tower
0 3 2 
1 11 4 2 10 2 30 100 25 1 0
2 12 12 
3 4 11 
4 13 12 
#map
#players
1 player1 0 1 10 2
2 player2 0 1 10 3
3 player3 0 2 20 1
4 player4 0 1 10 4

round 27
#corps
#tower
0 3 2 
1 11 4 
2 12 12 3 10 4 10 100 25 1 0
3 4 11 
4 13 12 3 10 4 20 100 25 1 0
#map
#players
1 player1 0 1 10 2
2 player2 0 1 10 4
3 player3 0 2 20 1
4 player4 0 1 10 3

round 28
#corps
#tower
0 3 2 
1 11 4 
2 12 12 
3 4 11 4 10 2 30 100 25 1 0
4 13 12 
#map
#players
1 player1 0 1 10 4
2 player2 0 1 10 2
3 player3 0 2 20 1
4 player4 0 1 10 3

round 29
#corps
#tower
0 3 2 1 10 2 20 100 25 1 0
1 11 4 
2 12 12 
3 4 11 
4 13 12 
#map
#players
1 player1 0 1 10 4
2 player2 0 1 10 3
3 player3 0 2 20 1
4 player4 0 1 10 2

round 30
#corps
#tower
0 3 2 
1 11 4 2 10 2 20 100 25 1 0
2 12 12 
3 4 11 
4 13 12 
#map
#players
1 player1 0 1 10 2
2 player2 0 1 10 4
3 player3 0 2 20 1
4 player4 0 1 10 3

round 31
#corps
1 12 12 3 4 0 2 -1 -1 1 
#tower
0 3 2 
1 11 4 
2 12 12 3 10 -1 -1 100 25 1 0
3 4 11 
4 13 12 3 10 4 10 100 25 1 0
#map
#players
1 player1 0 1 10 4
2 player2 0 1 10 2
3 player3 1 2 24 1
4 player4 0 1 10 3

round 32
#corps
1 12 12 
#tower
0 3 2 
1 11 4 
2 12 12 
3 4 11 4 10 2 20 100 25 1 0
4 13 12 
#map
#players
1 player1 0 1 10 4
2 player2 0 1 10 3
3 player3 1 2 24 1
4 player4 0 1 10 2

round 33
#corps
1 12 12 
#tower
0 3 2 1 10 2 10 100 25 1 0
1 11 4 
2 12 12 
3 4 11 
4 13 12 
#map
#players
1 player1 0 1 10 2
2 player2 0 1 10 3
3 player3 1 2 24 1
4 player4 0 1 10 4

round 34
#corps
1 12 12 
#tower
0 3 2 
1 11 4 2 10 2 10 100 25 1 0
2 12 12 
3 4 11 
4 13 12 
#map
#players
1 player1 0 1 10 3
2 player2 0 1 10 4
3 player3 1 2 24 1
4 player4 0 1 10 2

round 35
#corps
2 13 12 3 4 0 2 -1 -1 1 
#tower
0 3 2 
1 11 4 
2 12 12 3 10 4 30 100 25 1 0
3 4 11 
4 13 12 3 10 -1 -1 100 25 1 0
5 11 12 3 10 -1 -1 100 25 1 1
#map
6 7 5 3
7 7 5 3
6 8 5 3
7 8 5 3
6 9 5 3
7 9 1 3
6 10 5 3
7 10 1 3
6 11 4 3
7 11 1 3
6 12 5 3
7 12 2 3
11 12 0 3
6 13 1 3
7 13 1 3
6 14 2 3
7 14 1 3
#players
1 player1 0 1 10 3
2 player2 0 1 10 4
3 player3 1 3 34 1
4 player4 0 1 10 2

round 36
#corps
2 13 12 
#tower
0 3 2 
1 11 4 
2 12 12 
3 4 11 4 10 2 10 100 25 1 0
4 13 12 
5 11 12 
#map
#players
1 player1 0 1 10 3
2 player2 0 1 10 2
3 player3 1 3 34 1
4 player4 0 1 10 4

round 37
#corps
2 13 12 
3 3 2 1 2 -1 4 44 70 1 
#tower
0 3 2 1 10 -1 -1 100 25 1 0
1 11 4 
2 12 12 
3 4 11 
4 13 12 
5 11 12 
#map
#players
1 player1 1 1 14 2
2 player2 0 1 10 4
3 player3 1 3 34 1
4 player4 0 1 10 3

round 38
#corps
2 13 12 
3 3 2 
4 11 4 2 2 -1 4 44 70 1 
#tower
0 3 2 
1 11 4 2 10 -1 -1 100 25 1 0
2 12 12 
3 4 11 
4 13 12 
5 11 12 
#map
#players
1 player1 1 1 14 3
2 player2 1 1 14 2
3 player3 1 3 34 1
4 player4 0 1 10 4

round 39
#corps
2 13 12 
3 3 2 
4 11 4 
#tower
0 3 2 
1 11 4 
2 12 12 3 10 4 20 100 25 1 0
3 4 11 
4 13 12 3 10 4 30 100 25 1 0
5 11 12 3 10 4 30 100 25 1 0
#map
#players
1 player1 1 1 14 2
2 player2 1 1 14 3
3 player3 1 3 34 1
4 player4 0 1 10 4

round 40
#corps
2 13 12 
3 3 2 
4 11 4 
5 4 11 4 2 -1 4 44 70 1 
#tower
0 3 2 
1 11 4 
2 12 12 
3 4 11 4 10 -1 -1 100 25 1 0
4 13 12 
5 11 12 
#map
#players
1 player1 1 1 14 4
2 player2 1 1 14 3
3 player3 1 3 34 1
4 player4 1 1 14 2

round 41
#corps
2 13 12 
3 4 2 1 2 -1 3 44 70 0 
4 11 4 
5 4 11 
#tower
0 3 2 1 10 2 90 100 25 1 0
1 11 4 
2 12 12 
3 4 11 
4 13 12 
5 11 12 
#map
#players
1 player1 1 1 14 4
2 player2 1 1 14 3
3 player3 1 3 34 1
4 player4 1 1 14 2

round 42
#corps
2 13 12 
3 4 2 
4 12 4 2 2 -1 3 44 70 0 
5 4 11 
#tower
0 3 2 
1 11 4 2 10 2 90 100 25 1 0
2 12 12 
3 4 11 
4 13 12 
5 11 12 
#map
#players
1 player1 1 1 14 3
2 player2 1 1 14 4
3 player3 1 3 34 1
4 player4 1 1 14 2

round 43
#corps
2 13 12 
3 4 2 
4 12 4 
5 4 11 
#tower
0 3 2 
1 11 4 
2 12 12 3 10 4 10 100 25 1 0
3 4 11 
4 13 12 3 10 4 20 100 25 1 0
5 11 12 3 10 4 20 100 25 1 0
#map
#players
1 player1 1 1 14 3
2 player2 1 1 14 2
3 player3 1 3 34 1
4 player4 1 1 14 4

round 44
#corps
2 13 12 
3 4 2 
4 12 4 
5 5 11 4 2 -1 3 44 70 0 
#tower
0 3 2 
1 11 4 
2 12 12 
3 4 11 4 10 2 90 100 25 1 0
4 13 12 
5 11 12 
#map
#players
1 player1 1 1 14 2
2 player2 1 1 14 3
3 player3 1 3 34 1
4 player4 1 1 14 4

round 45
#corps
2 13 12 
3 5 2 1 2 -1 3 44 70 0 
4 12 4 
5 5 11 
#tower
0 3 2 1 10 2 80 100 25 1 0
1 11 4 
2 12 12 
3 4 11 
4 13 12 
5 11 12 
#map
#players
1 player1 1 1 14 3
2 player2 1 1 14 2
3 player3 1 3 34 1
4 player4 1 1 14 4

round 46
#corps
2 13 12 
3 5 2 
4 12 5 2 2 -1 3 44 70 0 
5 5 11 
#tower
0 3 2 
1 11 4 2 10 2 80 100 25 1 0
2 12 12 
3 4 11 
4 13 12 
5 11 12 
#map
#players
1 player1 1 1 14 2
2 player2 1 1 14 4
3 player3 1 3 34 1
4 player4 1 1 14 3

round 47
#corps
2 13 12 
3 5 2 
4 12 5 
5 5 11 
6 12 12 3 4 0 2 -1 -1 1 
#tower
0 3 2 
1 11 4 
2 12 12 3 10 -1 -1 100 25 1 0
3 4 11 
4 13 12 3 10 4 10 100 25 1 0
5 11 12 3 10 4 10 100 25 1 0
#map
#players
1 player1 1 1 14 2
2 player2 1 1 14 3
3 player3 2 3 38 1
4 player4 1 1 14 4

round 48
#corps
2 13 12 
3 5 2 
4 12 5 
5 6 11 4 2 -1 1 41 70 0 
6 12 12 
#tower
0 3 2 
1 11 4 
2 12 12 
3 4 11 4 10 2 80 100 25 1 0
4 13 12 
5 11 12 
#map
#players
1 player1 1 1 14 3
2 player2 1 1 14 2
3 player3 2 3 38 1
4 player4 1 1 14 4

round 49
#corps
2 13 12 
3 6 2 1 2 -1 2 47 70 0 
4 12 5 
5 6 11 
6 12 12 
#tower
0 3 2 1 10 2 70 100 25 1 0
1 11 4 
2 12 12 
3 4 11 
4 13 12 
5 11 12 
#map
#players
1 player1 1 1 14 3
2 player2 1 1 14 4
3 player3 2 3 38 1
4 player4 1 1 14 2

round 50
#corps
2 13 12 
3 6 2 
4 12 6 2 2 -1 2 44 70 0 
5 6 11 
6 12 12 
#tower
0 3 2 
1 11 4 2 10 2 70 100 25 1 0
2 12 12 
3 4 11 
4 13 12 
5 11 12 
#map
#players
1 player1 1 1 14 3
2 player2 1 1 14 2
3 player3 2 3 38 1
4 player4 1 1 14 4

round 51
#corps
2 13 12 
3 6 2 
4 12 6 
5 6 11 
7 13 12 3 4 0 2 -1 -1 1 
8 11 12 3 4 0 2 -1 -1 1 
#tower
0 3 2 
1 11 4 
2 12 12 3 10 4 30 100 25 1 0
3 4 11 
4 13 12 3 10 -1 -1 100 25 1 0
5 11 12 3 10 -1 -1 100 25 1 0
6 12 13 3 10 -1 -1 100 25 1 1
#map
12 13 0 3
#players
1 player1 1 1 14 3
2 player2 1 1 14 4
3 player3 3 4 52 1
4 player4 1 1 14 2

round 52
#corps
2 13 12 
3 6 2 
4 12 6 
5 7 11 4 2 -1 1 44 70 0 
7 13 12 
8 11 12 
#tower
0 3 2 
1 11 4 
2 12 12 
3 4 11 4 10 2 70 100 25 1 0
4 13 12 
5 11 12 
6 12 13 
#map
#players
1 player1 1 1 14 4
2 player2 1 1 14 3
3 player3 3 4 52 1
4 player4 1 1 14 2

round 53
#corps
2 13 12 
3 7 2 1 2 -1 1 44 70 0 
4 12 6 
5 7 11 
7 13 12 
8 11 12 
#tower
0 3 2 1 10 2 60 100 25 1 0
1 11 4 
2 12 12 
3 4 11 
4 13 12 
5 11 12 
6 12 13 
#map
#players
1 player1 1 1 14 2
2 player2 1 1 14 3
3 player3 3 4 52 1
4 player4 1 1 14 4

round 54
#corps
2 13 12 
3 7 2 
4 12 7 2 2 -1 2 44 70 0 
5 7 11 
7 13 12 
8 11 12 
#tower
0 3 2 
1 11 4 2 10 2 60 100 25 1 0
2 12 12 
3 4 11 
4 13 12 
5 11 12 
6 12 13 
#map
#players
1 player1 1 1 14 4
2 player2 1 1 14 3
3 player3 3 4 52 1
4 player4 1 1 14 2

round 55
#corps
2 13 12 
3 7 2 
4 12 7 
5 7 11 
7 13 12 
#tower
0 3 2 
1 11 4 
2 12 12 3 10 4 20 100 25 1 0
3 4 11 
4 13 12 3 10 4 30 100 25 1 0
5 11 12 3 10 4 30 100 25 1 0
6 12 13 3 10 4 30 100 25 1 0
7 10 12 3 10 -1 -1 100 25 1 1
#map
5 7 1 3
5 8 5 3
10 12 0 3
#players
1 player1 1 1 14 3
2 player2 1 1 14 2
3 player3 2 5 58 1
4 player4 1 1 14 4

round 56
#corps
2 13 12 
3 7 2 
4 12 7 
5 8 11 4 2 -1 2 44 70 0 
7 13 12 
#tower
0 3 2 
1 11 4 
2 12 12 
3 4 11 4 10 2 60 100 25 1 0
4 13 12 
5 11 12 
6 12 13 
7 10 12 
#map
#players
1 player1 1 1 14 3
2 player2 1 1 14 2
3 player3 2 5 58 1
4 player4 1 1 14 4

round 57
#corps
2 13 12 
3 8 2 1 2 -1 2 44 70 0 
4 12 7 
5 8 11 
7 13 12 
#tower
0 3 2 1 10 2 50 100 25 1 0
1 11 4 
2 12 12 
3 4 11 
4 13 12 
5 11 12 
6 12 13 
7 10 12 
#map
#players
1 player1 1 1 14 3
2 player2 1 1 14 2
3 player3 2 5 58 1
4 player4 1 1 14 4

round 58
#corps
2 13 12 
3 8 2 
4 12 8 2 2 -1 2 44 70 0 
5 8 11 
7 13 12 
#tower
0 3 2 
1 11 4 2 10 2 50 100 25 1 0
2 12 12 
3 4 11 
4 13 12 
5 11 12 
6 12 13 
7 10 12 
#map
#players
1 player1 1 1 14 4
2 player2 1 1 14 2
3 player3 2 5 58 1
4 player4 1 1 14 3

round 59
#corps
2 13 12 
3 8 2 
4 12 8 
5 8 11 
7 13 12 
#tower
0 3 2 
1 11 4 
2 12 12 3 10 4 10 100 25 1 0
3 4 11 
4 13 12 3 10 4 20 100 25 1 0
5 11 12 3 10 4 20 100 25 1 0
6 12 13 3 10 4 20 100 25 1 0
7 10 12 3 10 4 30 100 25 1 0
#map
#players
1 player1 1 1 14 2
2 player2 1 1 14 3
3 player3 2 5 58 1
4 player4 1 1 14 4

round 60
#corps
2 13 12 
3 8 2 
4 12 8 
5 9 11 4 2 -1 0 36 57 0 
7 13 12 
#tower
0 3 2 
1 11 4 
2 12 12 
3 4 11 4 10 2 50 100 25 1 0
4 13 12 
5 11 12 
6 12 13 
7 10 12 3 10 4 30 68 25 1 0
#map
#players
1 player1 1 1 14 4
2 player2 1 1 14 2
3 player3 2 5 58 1
4 player4 1 1 14 3

round 61
#corps
2 13 12 
3 9 2 1 2 -1 2 44 70 0 
4 12 8 
5 9 11 
7 13 12 
#tower
0 3 2 1 10 2 40 100 25 1 0
1 11 4 
2 12 12 
3 4 11 
4 13 12 
5 11 12 
6 12 13 
7 10 12 
#map
#players
1 player1 1 1 14 2
2 player2 1 1 14 3
3 player3 2 5 58 1
4 player4 1 1 14 4

round 62
#corps
2 13 12 
3 9 2 
4 12 9 2 2 -1 3 44 70 0 
5 9 11 
7 13 12 
#tower
0 3 2 
1 11 4 2 10 2 40 100 25 1 0
2 12 12 
3 4 11 
4 13 12 
5 11 12 
6 12 13 
7 10 12 
#map
#players
1 player1 1 1 14 4
2 player2 1 1 14 2
3 player3 2 5 58 1
4 player4 1 1 14 3

round 63
#corps
2 13 12 
3 9 2 
4 12 9 
5 9 11 
7 13 12 
9 12 12 3 4 0 2 -1 -1 1 
#tower
0 3 2 
1 11 4 
2 12 12 3 10 -1 -1 100 25 1 0
3 4 11 
4 13 12 3 10 4 10 100 25 1 0
5 11 12 3 10 4 10 100 25 1 0
6 12 13 3 10 4 10 100 25 1 0
7 10 12 3 10 4 20 68 25 1 0
#map
#players
1 player1 1 1 14 4
2 player2 1 1 14 3
3 player3 3 5 62 1
4 player4 1 1 14 2

round 64
#corps
2 13 12 
3 9 2 
4 12 9 
5 10 11 4 2 -1 0 30 42 0 
7 13 12 
9 12 12 
#tower
0 3 2 
1 11 4 
2 12 12 
3 4 11 4 10 2 40 100 25 1 0
4 13 12 
5 11 12 3 10 4 10 74 25 1 0
6 12 13 
7 10 12 
#map
#players
1 player1 1 1 14 3
2 player2 1 1 14 2
3 player3 3 5 62 1
4 player4 1 1 14 4

round 65
#corps
2 13 12 
3 10 2 1 2 -1 2 44 70 0 
4 12 9 
5 10 11 
7 13 12 
9 12 12 
#tower
0 3 2 1 10 2 30 100 25 1 0
1 11 4 
2 12 12 
3 4 11 
4 13 12 
5 11 12 
6 12 13 
7 10 12 
#map
#players
1 player1 1 1 14 2
2 player2 1 1 14 4
3 player3 3 5 62 1
4 player4 1 1 14 3

round 66
#corps
2 13 12 
3 10 2 
4 12 10 2 2 -1 2 44 70 0 
5 10 11 
7 13 12 
9 12 12 
#tower
0 3 2 
1 11 4 2 10 2 30 100 25 1 0
2 12 12 
3 4 11 
4 13 12 
5 11 12 
6 12 13 
7 10 12 
#map
#players
1 player1 1 1 14 2
2 player2 1 1 14 4
3 player3 3 5 62 1
4 player4 1 1 14 3

round 67
#corps
2 13 12 
3 10 2 
4 12 10 
5 10 11 
7 13 12 
10 13 12 3 4 0 2 -1 -1 1 
11 11 12 3 4 0 2 -1 -1 1 
12 12 13 3 4 0 2 -1 -1 1 
#tower
0 3 2 
1 11 4 
2 12 12 3 10 4 30 100 25 1 0
3 4 11 
4 13 12 3 10 -1 -1 100 25 1 0
5 11 12 3 10 -1 -1 74 25 1 0
6 12 13 3 10 -1 -1 100 25 1 0
7 10 12 3 10 4 10 68 25 1 0
8 12 11 3 10 -1 -1 100 25 1 1
#map
7 6 3 3
8 6 2 3
9 6 1 3
10 6 5 3
11 6 5 3
12 6 1 3
13 6 1 3
14 6 5 3
12 11 0 3
#players
1 player1 1 1 14 2
2 player2 1 1 14 4
3 player3 5 6 80 1
4 player4 1 1 14 3

round 68
#corps
2 13 12 
3 10 2 
4 12 10 
5 11 11 4 2 -1 0 9 14 0 
7 13 12 
10 13 12 
11 11 12 
12 12 13 
#tower
0 3 2 
1 11 4 
2 12 12 
3 4 11 4 10 2 30 100 25 1 0
4 13 12 
5 11 12 3 10 -1 -1 59 25 1 0
6 12 13 
7 10 12 
8 12 11 
#map
#players
1 player1 1 1 14 4
2 player2 1 1 14 3
3 player3 5 6 80 1
4 player4 1 1 14 2

round 69
#corps
2 13 12 
3 11 2 1 2 -1 2 44 70 0 
4 12 10 
5 11 11 
7 13 12 
10 13 12 
11 11 12 
12 12 13 
#tower
0 3 2 1 10 2 20 100 25 1 0
1 11 4 
2 12 12 
3 4 11 
4 13 12 
5 11 12 
6 12 13 
7 10 12 
8 12 11 
#map
#players
1 player1 1 1 14 2
2 player2 1 1 14 3
3 player3 5 6 80 1
4 player4 1 1 14 4

round 70
#corps
2 13 12 
3 11 2 
4 12 10 2 2 -1 0 36 57 0 
5 11 11 
7 13 12 
10 13 12 
11 11 12 
12 12 13 
#tower
0 3 2 
1 11 4 2 10 2 20 100 25 1 0
2 12 12 
3 4 11 
4 13 12 
5 11 12 
6 12 13 
7 10 12 
8 12 11 3 10 -1 -1 68 25 1 0
#map
#players
1 player1 1 1 14 4
2 player2 1 1 14 3
3 player3 5 6 80 1
4 player4 1 1 14 2

round 71
#corps
2 13 12 
3 11 2 
4 12 10 
5 11 11 
7 13 12 
10 13 12 
12 12 13 
#tower
0 3 2 
1 11 4 
2 12 12 
3 4 11 
4 13 12 3 10 -1 -1 100 25 1 0
5 11 12 3 10 3 30 59 25 1 0
6 12 13 3 10 -1 -1 100 25 1 0
7 10 12 
8 12 11 3 10 -1 -1 68 25 1 0
9 11 13 3 10 -1 -1 100 25 1 1
#map
11 13 0 3
#players
1 player1 1 1 14 4
2 player2 1 1 14 3
3 player3 4 7 86 1
4 player4 1 1 14 2

round 72
#corps
2 13 12 
3 11 2 
4 12 10 
7 13 12 
10 13 12 
12 12 13 
#tower
0 3 2 
1 11 4 
2 12 12 3 10 4 30 93 25 1 0
3 4 11 4 10 2 20 100 25 1 0
4 13 12 
5 11 12 
6 12 13 
7 10 12 
8 12 11 
9 11 13 
#map
#players
1 player1 1 1 14 3
2 player2 1 1 14 2
3 player3 4 7 86 1
4 player4 0 1 10 4

round 73
#corps
2 13 12 
3 12 2 1 2 -1 2 44 70 0 
4 12 10 
7 13 12 
10 13 12 
12 12 13 
#tower
0 3 2 1 10 2 10 100 25 1 0
1 11 4 
2 12 12 
3 4 11 
4 13 12 
5 11 12 
6 12 13 
7 10 12 
8 12 11 
9 11 13 
#map
#players
1 player1 1 1 14 2
2 player2 1 1 14 3
3 player3 4 7 86 1
4 player4 0 1 10 4

round 74
#corps
2 13 12 
3 12 2 
4 12 10 2 2 -1 0 25 39 0 
7 13 12 
10 13 12 
12 12 13 
#tower
0 3 2 
1 11 4 2 10 2 10 100 25 1 0
2 12 12 
3 4 11 
4 13 12 
5 11 12 
6 12 13 
7 10 12 
8 12 11 3 10 -1 -1 45 25 1 0
9 11 13 
#map
#players
1 player1 1 1 14 3
2 player2 1 1 14 2
3 player3 4 7 86 1
4 player4 0 1 10 4

round 75
#corps
2 13 12 
3 12 2 
4 12 10 
7 13 12 
10 13 12 
12 12 13 
#tower
0 3 2 
1 11 4 
2 12 12 
3 4 11 
4 13 12 3 10 -1 -1 100 25 1 0
5 11 12 3 10 3 20 59 25 1 0
6 12 13 3 10 -1 -1 100 25 1 0
7 10 12 
8 12 11 3 10 3 30 45 25 1 0
9 11 13 3 10 -1 -1 100 25 1 0
#map
#players
1 player1 1 1 14 2
2 player2 1 1 14 3
3 player3 4 7 86 1
4 player4 0 1 10 4

round 76
#corps
2 13 12 
3 12 2 
4 12 10 
7 13 12 
10 13 12 
12 12 13 
#tower
0 3 2 
1 11 4 
2 12 12 
3 4 11 4 10 2 10 100 25 1 0
4 13 12 
5 11 12 
6 12 13 
7 10 12 
8 12 11 
9 11 13 
#map
#players
1 player1 1 1 14 2
2 player2 1 1 14 3
3 player3 4 7 86 1
4 player4 0 1 10 4

round 77
#corps
2 13 12 
3 12 3 1 2 -1 2 44 70 0 
4 12 10 
7 13 12 
10 13 12 
12 12 13 
13 3 2 1 2 -1 4 44 70 1 
#tower
0 3 2 1 10 -1 -1 100 25 1 0
1 11 4 
2 12 12 
3 4 11 
4 13 12 
5 11 12 
6 12 13 
7 10 12 
8 12 11 
9 11 13 
#map
#players
1 player1 2 1 18 2
2 player2 1 1 14 3
3 player3 4 7 86 1
4 player4 0 1 10 4

round 78
#corps
2 13 12 
3 12 3 
4 12 10 2 2 -1 0 7 11 0 
7 13 12 
10 13 12 
12 12 13 
13 3 2 
14 11 4 2 2 -1 4 44 70 1 
#tower
0 3 2 
1 11 4 2 10 -1 -1 100 25 1 0
2 12 12 
3 4 11 
4 13 12 
5 11 12 
6 12 13 
7 10 12 
8 12 11 3 10 3 30 30 25 1 0
9 11 13 
#map
#players
1 player1 2 1 18 2
2 player2 2 1 18 3
3 player3 4 7 86 1
4 player4 0 1 10 4

round 79
#corps
2 13 12 
3 12 3 
4 12 10 
7 13 12 
10 13 12 
12 12 13 
13 3 2 
14 11 4 
#tower
0 3 2 
1 11 4 
2 12 12 
3 4 11 
4 13 12 3 10 -1 -1 100 25 1 0
5 11 12 3 10 3 10 59 25 1 0
6 12 13 3 10 -1 -1 100 25 1 0
7 10 12 
8 12 11 3 10 3 20 30 25 1 0
9 11 13 3 10 -1 -1 100 25 1 0
#map
#players
1 player1 2 1 18 2
2 player2 2 1 18 3
3 player3 4 7 86 1
4 player4 0 1 10 4

round 80
#corps
2 13 12 
3 12 3 
4 12 10 
7 13 12 
10 13 12 
12 12 13 
13 3 2 
14 11 4 
15 4 11 4 2 -1 4 44 70 1 
#tower
0 3 2 
1 11 4 
2 12 12 
3 4 11 4 10 -1 -1 100 25 1 0
4 13 12 
5 11 12 
6 12 13 
7 10 12 
8 12 11 
9 11 13 
#map
#players
1 player1 2 1 18 3
2 player2 2 1 18 2
3 player3 4 7 86 1
4 player4 1 1 14 4

round 81
#corps
2 13 12 
3 12 4 1 2 -1 3 44 70 0 
4 12 10 
7 13 12 
10 13 12 
12 12 13 
13 4 2 1 2 -1 3 44 70 0 
14 11 4 
15 4 11 
#tower
0 3 2 1 10 2 90 100 25 1 0
1 11 4 
2 12 12 
3 4 11 
4 13 12 
5 11 12 
6 12 13 
7 10 12 
8 12 11 
9 11 13 
#map
#players
1 player1 2 1 18 2
2 player2 2 1 18 3
3 player3 4 7 86 1
4 player4 1 1 14 4

round 82
#corps
2 13 12 
3 12 4 
7 13 12 
10 13 12 
12 12 13 
13 4 2 
14 11 4 
15 4 11 
#tower
0 3 2 
1 11 4 2 10 2 90 100 25 1 0
2 12 12 
3 4 11 
4 13 12 
5 11 12 
6 12 13 
7 10 12 
8 12 11 3 10 3 20 23 25 1 0
9 11 13 
#map
#players
1 player1 2 1 18 2
2 player2 1 1 14 3
3 player3 4 7 86 1
4 player4 1 1 14 4

round 83
#corps
2 13 12 
3 12 4 
7 13 12 
10 13 12 
12 12 13 
13 4 2 
14 11 4 
15 4 11 
16 11 12 3 3 3 2 -1 -1 1 
#tower
0 3 2 
1 11 4 
2 12 12 
3 4 11 
4 13 12 3 10 5 30 100 25 1 0
5 11 12 3 10 -1 -1 59 25 1 0
6 12 13 3 10 -1 -1 100 25 1 0
7 10 12 3 10 5 30 68 25 1 0
8 12 11 3 10 3 10 23 25 1 0
9 11 13 3 10 -1 -1 100 25 1 0
#map
#players
1 player1 2 1 18 2
2 player2 1 1 14 4
3 player3 5 7 90 1
4 player4 1 1 14 3

round 84
#corps
2 13 12 
3 12 4 
7 13 12 
10 13 12 
12 12 13 
13 4 2 
14 11 4 
15 5 11 4 2 -1 3 44 70 0 
16 11 12 
#tower
0 3 2 
1 11 4 
2 12 12 
3 4 11 4 10 2 90 100 25 1 0
4 13 12 
5 11 12 
6 12 13 
7 10 12 
8 12 11 
9 11 13 
#map
#players
1 player1 2 1 18 2
2 player2 1 1 14 4
3 player3 5 7 90 1
4 player4 1 1 14 3

round 85
#corps
2 13 12 
3 12 5 1 2 -1 3 44 70 0 
7 13 12 
10 13 12 
12 12 13 
13 5 2 1 2 -1 3 44 70 0 
14 11 4 
15 5 11 
16 11 12 
#tower
0 3 2 1 10 2 80 100 25 1 0
1 11 4 
2 12 12 
3 4 11 
4 13 12 
5 11 12 
6 12 13 
7 10 12 
8 12 11 
9 11 13 
#map
#players
1 player1 2 1 18 2
2 player2 1 1 14 3
3 player3 5 7 90 1
4 player4 1 1 14 4

round 86
#corps
2 13 12 
3 12 5 
7 13 12 
10 13 12 
12 12 13 
13 5 2 
14 12 4 2 2 -1 3 44 70 0 
15 5 11 
16 11 12 
#tower
0 3 2 
1 11 4 2 10 2 80 100 25 1 0
2 12 12 
3 4 11 
4 13 12 
5 11 12 
6 12 13 
7 10 12 
8 12 11 
9 11 13 
#map
#players
1 player1 2 1 18 2
2 player2 1 1 14 3
3 player3 5 7 90 1
4 player4 1 1 14 4

round 87
#corps
2 13 12 
3 12 5 
7 13 12 
10 13 12 
12 12 13 
13 5 2 
14 12 4 
15 5 11 
16 11 12 3 3 2 0 -1 -1 0 
17 12 11 3 3 3 2 -1 -1 1 
#tower
0 3 2 
1 11 4 
2 12 12 
3 4 11 
4 13 12 3 10 5 20 100 25 1 0
5 11 12 3 10 3 30 92 25 1 0
6 12 13 3 10 -1 -1 100 25 1 0
7 10 12 3 10 5 20 68 25 1 0
8 12 11 3 10 -1 -1 23 25 1 0
9 11 13 3 10 -1 -1 100 25 1 0
#map
#players
1 player1 2 1 18 2
2 player2 1 1 14 3
3 player3 6 7 94 1
4 player4 1 1 14 4

round 88
#corps
2 13 12 
3 12 5 
7 13 12 
10 13 12 
12 12 13 
13 5 2 
14 12 4 
15 6 11 4 2 -1 1 41 70 0 
16 11 12 
17 12 11 
#tower
0 3 2 
1 11 4 
2 12 12 
3 4 11 4 10 2 80 100 25 1 0
4 13 12 
5 11 12 
6 12 13 
7 10 12 
8 12 11 
9 11 13 
#map
#players
1 player1 2 1 18 2
2 player2 1 1 14 3
3 player3 6 7 94 1
4 player4 1 1 14 4

round 89
#corps
2 13 12 
3 12 6 1 2 -1 2 44 70 0 
7 13 12 
10 13 12 
12 12 13 
13 6 2 1 2 -1 2 47 70 0 
14 12 4 
15 6 11 
16 11 12 
17 12 11 
#tower
0 3 2 1 10 2 70 100 25 1 0
1 11 4 
2 12 12 
3 4 11 
4 13 12 
5 11 12 
6 12 13 
7 10 12 
8 12 11 
9 11 13 
#map
#players
1 player1 2 1 18 2
2 player2 1 1 14 3
3 player3 6 7 94 1
4 player4 1 1 14 4

round 90
#corps
2 13 12 
3 12 6 
7 13 12 
10 13 12 
12 12 13 
13 6 2 
14 12 5 2 2 -1 3 44 70 0 
15 6 11 
16 11 12 
17 12 11 
#tower
0 3 2 
1 11 4 2 10 2 70 100 25 1 0
2 12 12 
3 4 11 
4 13 12 
5 11 12 
6 12 13 
7 10 12 
8 12 11 
9 11 13 
#map
#players
1 player1 2 1 18 2
2 player2 1 1 14 4
3 player3 6 7 94 1
4 player4 1 1 14 3

round 91
#corps
2 13 12 
3 12 6 
7 13 12 
10 13 12 
12 12 13 
13 6 2 
14 12 5 
15 6 11 
16 11 12 3 3 2 2 -1 -1 0 
17 12 11 3 3 2 0 -1 -1 0 
#tower
0 3 2 
1 11 4 
2 12 12 
3 4 11 
4 13 12 3 10 5 10 100 25 1 0
5 11 12 3 10 5 30 92 25 1 0
6 12 13 3 10 -1 -1 100 25 1 0
7 10 12 3 10 5 10 68 25 1 0
8 12 11 3 10 3 30 56 25 1 0
9 11 13 3 10 5 30 100 25 1 0
#map
#players
1 player1 2 1 18 2
2 player2 1 1 14 4
3 player3 6 7 94 1
4 player4 1 1 14 3

round 92
#corps
2 13 12 
3 12 6 
7 13 12 
10 13 12 
12 12 13 
13 6 2 
14 12 5 
15 7 11 4 2 -1 1 44 70 0 
16 11 12 
17 12 11 
#tower
0 3 2 
1 11 4 
2 12 12 
3 4 11 4 10 2 70 100 25 1 0
4 13 12 
5 11 12 
6 12 13 
7 10 12 
8 12 11 
9 11 13 
#map
#players
1 player1 2 1 18 2
2 player2 1 1 14 3
3 player3 6 7 94 1
4 player4 1 1 14 4

round 93
#corps
2 13 12 
3 12 7 1 2 -1 2 44 70 0 
7 13 12 
10 13 12 
12 12 13 
13 7 2 1 2 -1 1 44 70 0 
14 12 5 
15 7 11 
16 11 12 
17 12 11 
#tower
0 3 2 1 10 2 60 100 25 1 0
1 11 4 
2 12 12 
3 4 11 
4 13 12 
5 11 12 
6 12 13 
7 10 12 
8 12 11 
9 11 13 
#map
#players
1 player1 2 1 18 2
2 player2 1 1 14 3
3 player3 6 7 94 1
4 player4 1 1 14 4

round 94
#corps
2 13 12 
3 12 7 
7 13 12 
10 13 12 
12 12 13 
13 7 2 
14 12 6 2 2 -1 2 44 70 0 
15 7 11 
16 11 12 
17 12 11 
#tower
0 3 2 
1 11 4 2 10 2 60 100 25 1 0
2 12 12 
3 4 11 
4 13 12 
5 11 12 
6 12 13 
7 10 12 
8 12 11 
9 11 13 
#map
#players
1 player1 2 1 18 2
2 player2 1 1 14 4
3 player3 6 7 94 1
4 player4 1 1 14 3

round 95
#corps
2 13 12 
3 12 7 
7 13 12 
10 13 12 
12 12 13 
13 7 2 
14 12 6 
15 7 11 
16 11 12 
17 12 11 3 3 1 0 -1 -1 0 
#tower
0 3 2 
1 11 4 
2 12 12 
3 4 11 
4 13 12 3 15 -1 -1 120 27 2 0
5 11 12 3 10 5 20 92 25 1 0
6 12 13 3 10 -1 -1 100 25 1 0
7 10 12 3 15 -1 -1 120 27 2 0
8 12 11 3 10 3 20 89 25 1 0
9 11 13 3 10 5 20 100 25 1 0
#map
#players
1 player1 2 1 18 2
2 player2 1 1 14 4
3 player3 6 7 114 1
4 player4 1 1 14 3

round 96
#corps
2 13 12 
3 12 7 
7 13 12 
10 13 12 
12 12 13 
13 7 2 
14 12 6 
15 8 11 4 2 -1 2 44 70 0 
16 11 12 
17 12 11 
#tower
0 3 2 
1 11 4 
2 12 12 
3 4 11 4 10 2 60 100 25 1 0
4 13 12 
5 11 12 
6 12 13 
7 10 12 
8 12 11 
9 11 13 
#map
#players
1 player1 2 1 18 2
2 player2 1 1 14 4
3 player3 6 7 114 1
4 player4 1 1 14 3

round 97
#corps
2 13 12 
3 12 8 1 2 -1 2 44 70 0 
7 13 12 
10 13 12 
12 12 13 
13 8 2 1 2 -1 2 44 70 0 
14 12 6 
15 8 11 
16 11 12 
17 12 11 
#tower
0 3 2 1 10 2 50 100 25 1 0
1 11 4 
2 12 12 
3 4 11 
4 13 12 
5 11 12 
6 12 13 
7 10 12 
8 12 11 
9 11 13 
#map
#players
1 player1 2 1 18 2
2 player2 1 1 14 3
3 player3 6 7 114 1
4 player4 1 1 14 4

round 98
#corps
2 13 12 
3 12 8 
7 13 12 
10 13 12 
12 12 13 
13 8 2 
14 12 7 2 2 -1 2 44 70 0 
15 8 11 
16 11 12 
17 12 11 
#tower
0 3 2 
1 11 4 2 10 2 50 100 25 1 0
2 12 12 
3 4 11 
4 13 12 
5 11 12 
6 12 13 
7 10 12 
8 12 11 
9 11 13 
#map
#players
1 player1 2 1 18 2
2 player2 1 1 14 3
3 player3 6 7 114 1
4 player4 1 1 14 4

round 99
#corps
2 13 12 
3 12 8 
7 13 12 
10 13 12 
12 12 13 
13 8 2 
14 12 7 
15 8 11 
16 11 12 
17 12 11 3 3 1 2 -1 -1 0 
#tower
0 3 2 
1 11 4 
2 12 12 3 10 5 30 93 25 1 0
3 4 11 
4 13 12 3 15 5 65 120 27 2 0
5 11 12 3 10 5 10 92 25 1 0
6 12 13 3 10 5 30 100 25 1 0
7 10 12 3 15 -1 -1 120 27 2 0
8 12 11 3 10 5 30 89 25 1 0
9 11 13 3 10 5 10 100 25 1 0
#map
#players
1 player1 2 1 18 2
2 player2 1 1 14 4
3 player3 6 7 114 1
4 player4 1 1 14 3

round 100
#corps
2 13 12 
3 12 8 
7 13 12 
10 13 12 
12 12 13 
13 8 2 
14 12 7 
15 9 11 4 2 -1 0 36 56 0 
16 11 12 
17 12 11 
#tower
0 3 2 
1 11 4 
2 12 12 
3 4 11 4 10 2 50 100 25 1 0
4 13 12 
5 11 12 
6 12 13 
7 10 12 3 15 -1 -1 91 27 2 0
8 12 11 
9 11 13 
#map
#players
1 player1 2 1 18 2
2 player2 1 1 14 3
3 player3 6 7 114 1
4 player4 1 1 14 4

round 101
#corps
2 13 12 
3 12 9 1 2 -1 3 44 70 0 
7 13 12 
10 13 12 
12 12 13 
13 9 2 1 2 -1 2 44 70 0 
14 12 7 
15 9 11 
16 11 12 
17 12 11 
#tower
0 3 2 1 10 2 40 100 25 1 0
1 11 4 
2 12 12 
3 4 11 
4 13 12 
5 11 12 
6 12 13 
7 10 12 
8 12 11 
9 11 13 
#map
#players
1 player1 2 1 18 2
2 player2 1 1 14 4
3 player3 6 7 114 1
4 player4 1 1 14 3

round 102
#corps
2 13 12 
3 12 9 
7 13 12 
10 13 12 
12 12 13 
13 9 2 
14 12 8 2 2 -1 2 44 70 0 
15 9 11 
16 11 12 
17 12 11 
#tower
0 3 2 
1 11 4 2 10 2 40 100 25 1 0
2 12 12 
3 4 11 
4 13 12 
5 11 12 
6 12 13 
7 10 12 
8 12 11 
9 11 13 
#map
#players
1 player1 2 1 18 2
2 player2 1 1 14 3
3 player3 6 7 114 1
4 player4 1 1 14 4

round 103
#corps
2 13 12 
3 12 9 
7 13 12 
10 13 12 
12 12 13 
13 9 2 
14 12 8 
15 9 11 
16 11 12 
17 12 11 
#tower
0 3 2 
1 11 4 
2 12 12 3 10 5 20 93 25 1 0
3 4 11 
4 13 12 3 15 5 50 120 27 2 0
5 11 12 
6 12 13 3 10 5 20 100 25 1 0
7 10 12 3 15 -1 -1 91 27 2 0
8 12 11 
9 11 13 
#map
#players
1 player1 2 1 18 2
2 player2 1 1 14 4
3 player3 6 7 114 1
4 player4 1 1 14 3

round 104
#corps
2 13 12 
3 12 9 
7 13 12 
10 13 12 
12 12 13 
13 9 2 
14 12 8 
15 10 11 4 2 -1 0 28 39 0 
16 11 12 
17 12 11 
#tower
0 3 2 
1 11 4 
2 12 12 
3 4 11 4 10 2 40 100 25 1 0
4 13 12 
5 11 12 3 10 5 10 68 25 1 0
6 12 13 
7 10 12 
8 12 11 
9 11 13 
#map
#players
1 player1 2 1 18 2
2 player2 1 1 14 4
3 player3 6 7 114 1
4 player4 1 1 14 3

round 105
#corps
2 13 12 
3 12 10 1 2 -1 0 36 56 0 
7 13 12 
10 13 12 
12 12 13 
13 10 2 1 2 -1 2 44 70 0 
14 12 8 
15 10 11 
16 11 12 
17 12 11 
#tower
0 3 2 1 10 2 30 100 25 1 0
1 11 4 
2 12 12 
3 4 11 
4 13 12 
5 11 12 
6 12 13 
7 10 12 
8 12 11 3 10 5 30 60 25 1 0
9 11 13 
#map
#players
1 player1 2 1 18 2
2 player2 1 1 14 4
3 player3 6 7 114 1
4 player4 1 1 14 3

round 106
#corps
2 13 12 
3 12 10 
7 13 12 
10 13 12 
12 12 13 
13 10 2 
14 12 9 2 2 -1 3 44 70 0 
15 10 11 
16 11 12 
17 12 11 
#tower
0 3 2 
1 11 4 2 10 2 30 100 25 1 0
2 12 12 
3 4 11 
4 13 12 
5 11 12 
6 12 13 
7 10 12 
8 12 11 
9 11 13 
#map
#players
1 player1 2 1 18 2
2 player2 1 1 14 4
3 player3 6 7 114 1
4 player4 1 1 14 3

round 107
#corps
2 13 12 
3 12 10 
7 13 12 
10 13 12 
12 12 13 
13 10 2 
14 12 9 
15 10 11 
16 11 12 
#tower
0 3 2 
1 11 4 
2 12 12 
3 4 11 
4 13 12 
5 11 12 
6 12 13 
7 10 12 3 15 -1 -1 91 27 2 0
8 12 11 3 10 3 10 93 25 1 0
9 11 13 
#map
#players
1 player1 2 1 18 2
2 player2 1 1 14 3
3 player3 5 7 110 1
4 player4 1 1 14 4

round 108
#corps
2 13 12 
3 12 10 
7 13 12 
10 13 12 
12 12 13 
13 10 2 
14 12 9 
15 11 11 4 2 -1 0 6 9 0 
16 11 12 
#tower
0 3 2 
1 11 4 
2 12 12 
3 4 11 4 10 2 30 100 25 1 0
4 13 12 
5 11 12 3 10 5 10 55 25 1 0
6 12 13 
7 10 12 
8 12 11 
9 11 13 
#map
#players
1 player1 2 1 18 2
2 player2 1 1 14 4
3 player3 5 7 110 1
4 player4 1 1 14 3

round 109
#corps
2 13 12 
3 12 10 1 2 -1 0 24 38 0 
7 13 12 
10 13 12 
12 12 13 
13 11 2 1 2 -1 2 44 70 0 
14 12 9 
15 11 11 
16 11 12 
#tower
0 3 2 1 10 2 20 100 25 1 0
1 11 4 
2 12 12 
3 4 11 
4 13 12 
5 11 12 
6 12 13 
7 10 12 
8 12 11 3 10 3 10 70 25 1 0
9 11 13 
#map
#players
1 player1 2 1 18 2
2 player2 1 1 14 3
3 player3 5 7 110 1
4 player4 1 1 14 4

round 110
#corps
2 13 12 
3 12 10 
7 13 12 
10 13 12 
12 12 13 
13 11 2 
14 12 9 2 2 -1 4 44 70 0 
15 11 11 
16 11 12 
#tower
0 3 2 
1 11 4 2 10 2 20 100 25 1 0
2 12 12 
3 4 11 
4 13 12 
5 11 12 
6 12 13 
7 10 12 
8 12 11 
9 11 13 
#map
#players
1 player1 2 1 18 2
2 player2 1 1 14 3
3 player3 5 7 110 1
4 player4 1 1 14 4

round 111
#corps
2 13 12 
3 12 10 
7 13 12 
10 13 12 
12 12 13 
13 11 2 
14 12 9 
15 11 11 
16 11 12 3 3 1 0 -1 -1 0 
#tower
0 3 2 
1 11 4 
2 12 12 
3 4 11 
4 13 12 
5 11 12 3 10 3 20 88 25 1 0
6 12 13 
7 10 12 3 15 -1 -1 91 27 2 0
8 12 11 
9 11 13 
#map
#players
1 player1 2 1 18 2
2 player2 1 1 14 4
3 player3 5 7 110 1
4 player4 1 1 14 3

round 112
#corps
2 13 12 
3 12 10 
7 13 12 
10 13 12 
12 12 13 
13 11 2 
14 12 9 
16 11 12 
#tower
0 3 2 
1 11 4 
2 12 12 
3 4 11 4 10 2 20 100 25 1 0
4 13 12 
5 11 12 3 10 3 20 82 25 1 0
6 12 13 
7 10 12 
8 12 11 
9 11 13 
#map
#players
1 player1 2 1 18 2
2 player2 1 1 14 3
3 player3 5 7 110 1
4 player4 0 1 10 4

round 113
#corps
2 13 12 
3 12 10 1 2 -1 0 6 9 0 
7 13 12 
10 13 12 
12 12 13 
13 12 2 1 2 -1 2 44 70 0 
14 12 9 
16 11 12 
#tower
0 3 2 1 10 2 10 100 25 1 0
1 11 4 
2 12 12 
3 4 11 
4 13 12 
5 11 12 
6 12 13 
7 10 12 
8 12 11 3 10 3 10 56 25 1 0
9 11 13 
#map
#players
1 player1 2 1 18 2
2 player2 1 1 14 3
3 player3 5 7 110 1
4 player4 0 1 10 4

round 114
#corps
2 13 12 
3 12 10 
7 13 12 
10 13 12 
12 12 13 
13 12 2 
14 12 9 
16 11 12 
#tower
0 3 2 
1 11 4 2 10 2 10 100 25 1 0
2 12 12 
3 4 11 
4 13 12 
5 11 12 
6 12 13 
7 10 12 
8 12 11 
9 11 13 
#map
#players
1 player1 2 1 18 2
2 player2 1 1 14 3
3 player3 5 7 110 1
4 player4 0 1 10 4

round 115
#corps
2 13 12 
3 12 10 
7 13 12 
10 13 12 
12 12 13 
13 12 2 
14 12 9 
16 11 12 3 3 1 2 -1 -1 0 
18 12 11 3 3 3 2 -1 -1 1 
#tower
0 3 2 
1 11 4 
2 12 12 
3 4 11 
4 13 12 
5 11 12 
6 12 13 
7 10 12 3 15 -1 -1 91 27 2 0
8 12 11 3 10 -1 -1 56 25 1 0
9 11 13 3 15 -1 -1 120 27 2 0
#map
#players
1 player1 2 1 18 2
2 player2 1 1 14 3
3 player3 6 7 124 1
4 player4 0 1 10 4

round 116
#corps
2 13 12 
3 12 10 
7 13 12 
10 13 12 
12 12 13 
13 12 2 
14 12 9 
16 11 12 
18 12 11 
#tower
0 3 2 
1 11 4 
2 12 12 
3 4 11 4 10 2 10 100 25 1 0
4 13 12 
5 11 12 
6 12 13 
7 10 12 
8 12 11 
9 11 13 
#map
#players
1 player1 2 1 18 2
2 player2 1 1 14 3
3 player3 6 7 124 1
4 player4 0 1 10 4

round 117
#corps
2 13 12 
7 13 12 
10 13 12 
12 12 13 
13 12 3 1 2 -1 2 44 70 0 
14 12 9 
16 11 12 
18 12 11 
19 3 2 1 2 -1 4 44 70 1 
#tower
0 3 2 1 10 -1 -1 100 25 1 0
1 11 4 
2 12 12 
3 4 11 
4 13 12 
5 11 12 
6 12 13 
7 10 12 
8 12 11 3 10 -1 -1 50 25 1 0
9 11 13 
#map
#players
1 player1 2 1 18 2
2 player2 1 1 14 3
3 player3 6 7 124 1
4 player4 0 1 10 4

round 118
#corps
2 13 12 
7 13 12 
10 13 12 
12 12 13 
13 12 3 
14 12 10 2 2 -1 0 36 56 0 
16 11 12 
18 12 11 
19 3 2 
20 11 4 2 2 -1 4 44 70 1 
#tower
0 3 2 
1 11 4 2 10 -1 -1 100 25 1 0
2 12 12 
3 4 11 
4 13 12 
5 11 12 
6 12 13 
7 10 12 
8 12 11 3 10 -1 -1 21 25 1 0
9 11 13 
#map
#players
1 player1 2 1 18 2
2 player2 2 1 18 3
3 player3 6 7 124 1
4 player4 0 1 10 4

round 119
#corps
2 13 12 
7 13 12 
10 13 12 
12 12 13 
13 12 3 
14 12 10 
16 11 12 
18 12 11 3 3 2 0 -1 -1 0 
19 3 2 
20 11 4 
#tower
0 3 2 
1 11 4 
2 12 12 
3 4 11 
4 13 12 
5 11 12 
6 12 13 
7 10 12 3 15 -1 -1 91 27 2 0
8 12 11 3 10 3 30 54 25 1 0
9 11 13 3 15 5 65 120 27 2 0
#map
#players
1 player1 2 1 18 3
2 player2 2 1 18 2
3 player3 6 7 124 1
4 player4 0 1 10 4

round 120
#corps
2 13 12 
7 13 12 
10 13 12 
12 12 13 
13 12 3 
14 12 10 
16 11 12 
18 12 11 
19 3 2 
20 11 4 
21 4 11 4 2 -1 4 44 70 1 
#tower
0 3 2 
1 11 4 
2 12 12 
3 4 11 4 10 -1 -1 100 25 1 0
4 13 12 
5 11 12 
6 12 13 
7 10 12 
8 12 11 
9 11 13 
#map
#players
1 player1 2 1 18 3
2 player2 2 1 18 2
3 player3 6 7 124 1
4 player4 1 1 14 4

round 121
#corps
2 13 12 
7 13 12 
10 13 12 
12 12 13 
13 12 4 1 2 -1 3 44 70 0 
14 12 10 
16 11 12 
18 12 11 
19 4 2 1 2 -1 3 44 70 0 
20 11 4 
21 4 11 
#tower
0 3 2 1 10 2 90 100 25 1 0
1 11 4 
2 12 12 
3 4 11 
4 13 12 
5 11 12 
6 12 13 
7 10 12 
8 12 11 
9 11 13 
#map
#players
1 player1 2 1 18 3
2 player2 2 1 18 2
3 player3 6 7 124 1
4 player4 1 1 14 4

round 122
#corps
2 13 12 
7 13 12 
10 13 12 
12 12 13 
13 12 4 
14 12 10 2 2 -1 0 24 37 0 
16 11 12 
18 12 11 
19 4 2 
20 11 4 
21 4 11 
#tower
0 3 2 
1 11 4 2 10 2 90 100 25 1 0
2 12 12 
3 4 11 
4 13 12 
5 11 12 
6 12 13 
7 10 12 
8 12 11 3 10 3 30 33 25 1 0
9 11 13 
#map
#players
1 player1 2 1 18 3
2 player2 2 1 18 2
3 player3 6 7 124 1
4 player4 1 1 14 4

round 123
#corps
2 13 12 
7 13 12 
10 13 12 
12 12 13 
13 12 4 
14 12 10 
16 11 12 
18 12 11 3 3 1 0 -1 -1 0 
19 4 2 
20 11 4 
21 4 11 
#tower
0 3 2 
1 11 4 
2 12 12 
3 4 11 
4 13 12 
5 11 12 
6 12 13 
7 10 12 3 15 -1 -1 91 27 2 0
8 12 11 3 10 3 20 66 25 1 0
9 11 13 3 15 5 50 120 27 2 0
#map
#players
1 player1 2 1 18 3
2 player2 2 1 18 2
3 player3 6 7 124 1
4 player4 1 1 14 4

round 124
#corps
2 13 12 
7 13 12 
10 13 12 
12 12 13 
13 12 4 
14 12 10 
16 11 12 
18 12 11 
19 4 2 
20 11 4 
21 5 11 4 2 -1 3 44 70 0 
#tower
0 3 2 
1 11 4 
2 12 12 
3 4 11 4 10 2 90 100 25 1 0
4 13 12 
5 11 12 
6 12 13 
7 10 12 
8 12 11 
9 11 13 
#map
#players
1 player1 2 1 18 3
2 player2 2 1 18 2
3 player3 6 7 124 1
4 player4 1 1 14 4

round 125
#corps
2 13 12 
7 13 12 
10 13 12 
12 12 13 
13 12 5 1 2 -1 3 44 70 0 
14 12 10 
16 11 12 
18 12 11 
19 5 2 1 2 -1 3 44 70 0 
20 11 4 
21 5 11 
#tower
0 3 2 1 10 2 80 100 25 1 0
1 11 4 
2 12 12 
3 4 11 
4 13 12 
5 11 12 
6 12 13 
7 10 12 
8 12 11 
9 11 13 
#map
#players
1 player1 2 1 18 2
2 player2 2 1 18 3
3 player3 6 7 124 1
4 player4 1 1 14 4

round 126
#corps
2 13 12 
7 13 12 
10 13 12 
12 12 13 
13 12 5 
14 12 10 2 2 -1 0 4 6 0 
16 11 12 
18 12 11 
19 5 2 
20 12 4 2 2 -1 3 44 70 0 
21 5 11 
#tower
0 3 2 
1 11 4 2 10 2 80 100 25 1 0
2 12 12 
3 4 11 
4 13 12 
5 11 12 
6 12 13 
7 10 12 
8 12 11 3 10 3 20 53 25 1 0
9 11 13 
#map
#players
1 player1 2 1 18 2
2 player2 2 1 18 3
3 player3 6 7 124 1
4 player4 1 1 14 4

round 127
#corps
2 13 12 
7 13 12 
10 13 12 
12 12 13 
13 12 5 
14 12 10 
16 11 12 
19 5 2 
20 12 4 
21 5 11 
#tower
0 3 2 
1 11 4 
2 12 12 
3 4 11 
4 13 12 
5 11 12 
6 12 13 
7 10 12 3 15 -1 -1 91 27 2 0
8 12 11 3 10 3 10 86 25 1 0
9 11 13 3 15 5 35 120 27 2 0
#map
#players
1 player1 2 1 18 3
2 player2 2 1 18 2
3 player3 5 7 120 1
4 player4 1 1 14 4

round 128
#corps
2 13 12 
7 13 12 
10 13 12 
12 12 13 
13 12 5 
14 12 10 
16 11 12 
19 5 2 
20 12 4 
21 6 11 4 2 -1 1 41 70 0 
#tower
0 3 2 
1 11 4 
2 12 12 
3 4 11 4 10 2 80 100 25 1 0
4 13 12 
5 11 12 
6 12 13 
7 10 12 
8 12 11 
9 11 13 
#map
#players
1 player1 2 1 18 3
2 player2 2 1 18 2
3 player3 5 7 120 1
4 player4 1 1 14 4

round 129
#corps
2 13 12 
7 13 12 
10 13 12 
12 12 13 
13 12 6 1 2 -1 2 44 70 0 
14 12 10 
16 11 12 
19 6 2 1 2 -1 2 47 70 0 
20 12 4 
21 6 11 
#tower
0 3 2 1 10 2 70 100 25 1 0
1 11 4 
2 12 12 
3 4 11 
4 13 12 
5 11 12 
6 12 13 
7 10 12 
8 12 11 
9 11 13 
#map
#players
1 player1 2 1 18 3
2 player2 2 1 18 2
3 player3 5 7 120 1
4 player4 1 1 14 4

round 130
#corps
2 13 12 
7 13 12 
10 13 12 
12 12 13 
13 12 6 
16 11 12 
19 6 2 
20 12 5 2 2 -1 3 44 70 0 
21 6 11 
#tower
0 3 2 
1 11 4 2 10 2 70 100 25 1 0
2 12 12 
3 4 11 
4 13 12 
5 11 12 
6 12 13 
7 10 12 
8 12 11 3 10 3 10 80 25 1 0
9 11 13 
#map
#players
1 player1 2 1 18 2
2 player2 1 1 14 3
3 player3 5 7 120 1
4 player4 1 1 14 4

round 131
#corps
2 13 12 
7 13 12 
10 13 12 
12 12 13 
13 12 6 
16 11 12 
19 6 2 
20 12 5 
21 6 11 
#tower
0 3 2 
1 11 4 
2 12 12 3 10 5 10 93 25 1 0
3 4 11 
4 13 12 3 15 5 35 120 27 2 0
5 11 12 3 15 -1 -1 120 27 2 0
6 12 13 3 10 5 10 100 25 1 0
7 10 12 3 15 5 65 91 27 2 0
8 12 11 3 10 5 20 80 25 1 0
9 11 13 3 15 5 20 120 27 2 0
#map
#players
1 player1 2 1 18 2
2 player2 1 1 14 4
3 player3 5 7 130 1
4 player4 1 1 14 3

round 132
#corps
2 13 12 
7 13 12 
10 13 12 
12 12 13 
13 12 6 
16 11 12 
19 6 2 
20 12 5 
21 7 11 4 2 -1 1 44 70 0 
#tower
0 3 2 
1 11 4 
2 12 12 
3 4 11 4 10 2 70 100 25 1 0
4 13 12 
5 11 12 
6 12 13 
7 10 12 
8 12 11 
9 11 13 
#map
#players
1 player1 2 1 18 2
2 player2 1 1 14 3
3 player3 5 7 130 1
4 player4 1 1 14 4

round 133
#corps
2 13 12 
7 13 12 
10 13 12 
12 12 13 
13 12 7 1 2 -1 2 44 70 0 
16 11 12 
19 7 2 1 2 -1 1 44 70 0 
20 12 5 
21 7 11 
#tower
0 3 2 1 10 2 60 100 25 1 0
1 11 4 
2 12 12 
3 4 11 
4 13 12 
5 11 12 
6 12 13 
7 10 12 
8 12 11 
9 11 13 
#map
#players
1 player1 2 1 18 2
2 player2 1 1 14 4
3 player3 5 7 130 1
4 player4 1 1 14 3

round 134
#corps
2 13 12 
7 13 12 
10 13 12 
12 12 13 
13 12 7 
16 11 12 
19 7 2 
20 12 6 2 2 -1 2 44 70 0 
21 7 11 
#tower
0 3 2 
1 11 4 2 10 2 60 100 25 1 0
2 12 12 
3 4 11 
4 13 12 
5 11 12 
6 12 13 
7 10 12 
8 12 11 
9 11 13 
#map
#players
1 player1 2 1 18 2
2 player2 1 1 14 4
3 player3 5 7 130 1
4 player4 1 1 14 3

round 135
#corps
2 13 12 
7 13 12 
10 13 12 
12 12 13 
13 12 7 
16 11 12 
19 7 2 
20 12 6 
21 7 11 
#tower
0 3 2 
1 11 4 
2 12 12 3 15 -1 -1 120 27 2 0
3 4 11 
4 13 12 3 15 5 20 120 27 2 0
5 11 12 3 15 5 65 120 27 2 0
6 12 13 3 15 -1 -1 120 27 2 0
7 10 12 3 15 5 50 91 27 2 0
8 12 11 3 10 5 10 80 25 1 0
9 11 13 3 15 5 5 120 27 2 0
#map
#players
1 player1 2 1 18 2
2 player2 1 1 14 3
3 player3 5 7 150 1
4 player4 1 1 14 4

round 136
#corps
2 13 12 
7 13 12 
10 13 12 
12 12 13 
13 12 7 
16 11 12 
19 7 2 
20 12 6 
21 8 11 4 2 -1 2 44 70 0 
#tower
0 3 2 
1 11 4 
2 12 12 
3 4 11 4 10 2 60 100 25 1 0
4 13 12 
5 11 12 
6 12 13 
7 10 12 
8 12 11 
9 11 13 
#map
#players
1 player1 2 1 18 2
2 player2 1 1 14 3
3 player3 5 7 150 1
4 player4 1 1 14 4

round 137
#corps
2 13 12 
7 13 12 
10 13 12 
12 12 13 
13 12 8 1 2 -1 2 44 70 0 
16 11 12 
19 8 2 1 2 -1 2 44 70 0 
20 12 6 
21 8 11 
#tower
0 3 2 1 10 2 50 100 25 1 0
1 11 4 
2 12 12 
3 4 11 
4 13 12 
5 11 12 
6 12 13 
7 10 12 
8 12 11 
9 11 13 
#map
#players
1 player1 2 1 18 2
2 player2 1 1 14 4
3 player3 5 7 150 1
4 player4 1 1 14 3

round 138
#corps
2 13 12 
7 13 12 
10 13 12 
12 12 13 
13 12 8 
16 11 12 
19 8 2 
20 12 7 2 2 -1 2 44 70 0 
21 8 11 
#tower
0 3 2 
1 11 4 2 10 2 50 100 25 1 0
2 12 12 
3 4 11 
4 13 12 
5 11 12 
6 12 13 
7 10 12 
8 12 11 
9 11 13 
#map
#players
1 player1 2 1 18 2
2 player2 1 1 14 3
3 player3 5 7 150 1
4 player4 1 1 14 4

round 139
#corps
2 13 12 
7 13 12 
10 13 12 
12 12 13 
13 12 8 
16 11 12 
19 8 2 
20 12 7 
21 8 11 
#tower
0 3 2 
1 11 4 
2 12 12 3 15 5 65 120 27 2 0
3 4 11 
4 13 12 3 15 5 5 120 27 2 0
5 11 12 3 15 5 50 120 27 2 0
6 12 13 3 15 5 65 120 27 2 0
7 10 12 
8 12 11 3 15 -1 -1 120 27 2 0
9 11 13 3 20 -1 -1 140 29 3 0
#map
#players
1 player1 2 1 18 2
2 player2 1 1 14 3
3 player3 5 7 170 1
4 player4 1 1 14 4

round 140
#corps
2 13 12 
7 13 12 
10 13 12 
12 12 13 
13 12 8 
16 11 12 
19 8 2 
20 12 7 
21 9 11 4 2 -1 0 36 56 0 
#tower
0 3 2 
1 11 4 
2 12 12 
3 4 11 4 10 2 50 100 25 1 0
4 13 12 
5 11 12 
6 12 13 
7 10 12 3 15 5 50 62 27 2 0
8 12 11 
9 11 13 
#map
#players
1 player1 2 1 18 2
2 player2 1 1 14 4
3 player3 5 7 170 1
4 player4 1 1 14 3

round 141
#corps
2 13 12 
7 13 12 
10 13 12 
12 12 13 
13 12 9 1 2 -1 3 44 70 0 
16 11 12 
19 9 2 1 2 -1 2 44 70 0 
20 12 7 
21 9 11 
#tower
0 3 2 1 10 2 40 100 25 1 0
1 11 4 
2 12 12 
3 4 11 
4 13 12 
5 11 12 
6 12 13 
7 10 12 
8 12 11 
9 11 13 
#map
#players
1 player1 2 1 18 2
2 player2 1 1 14 3
3 player3 5 7 170 1
4 player4 1 1 14 4

round 142
#corps
2 13 12 
7 13 12 
10 13 12 
12 12 13 
13 12 9 
16 11 12 
19 9 2 
20 12 8 2 2 -1 2 44 70 0 
21 9 11 
#tower
0 3 2 
1 11 4 2 10 2 40 100 25 1 0
2 12 12 
3 4 11 
4 13 12 
5 11 12 
6 12 13 
7 10 12 
8 12 11 
9 11 13 
#map
#players
1 player1 2 1 18 2
2 player2 1 1 14 3
3 player3 5 7 170 1
4 player4 1 1 14 4

round 143
#corps
2 13 12 
7 13 12 
10 13 12 
12 12 13 
13 12 9 
16 11 12 
19 9 2 
20 12 8 
21 9 11 
#tower
0 3 2 
1 11 4 
2 12 12 3 15 5 50 120 27 2 0
3 4 11 
4 13 12 3 20 -1 -1 140 29 3 0
5 11 12 
6 12 13 3 15 5 50 120 27 2 0
7 10 12 3 15 3 25 62 27 2 0
8 12 11 3 15 -1 -1 120 27 2 0
9 11 13 3 20 -1 -1 140 29 3 0
#map
#players
1 player1 2 1 18 2
2 player2 1 1 14 4
3 player3 5 7 180 1
4 player4 1 1 14 3

round 144
#corps
2 13 12 
7 13 12 
10 13 12 
12 12 13 
13 12 9 
16 11 12 
19 9 2 
20 12 8 
21 10 11 4 2 -1 0 27 38 0 
#tower
0 3 2 
1 11 4 
2 12 12 
3 4 11 4 10 2 40 100 25 1 0
4 13 12 
5 11 12 3 15 5 50 98 27 2 0
6 12 13 
7 10 12 
8 12 11 
9 11 13 
#map
#players
1 player1 2 1 18 2
2 player2 1 1 14 3
3 player3 5 7 180 1
4 player4 1 1 14 4

round 145
#corps
2 13 12 
7 13 12 
10 13 12 
12 12 13 
13 12 10 1 2 -1 0 36 56 0 
16 11 12 
19 10 2 1 2 -1 2 44 70 0 
20 12 8 
21 10 11 
#tower
0 3 2 1 10 2 30 100 25 1 0
1 11 4 
2 12 12 
3 4 11 
4 13 12 
5 11 12 
6 12 13 
7 10 12 
8 12 11 3 15 -1 -1 91 27 2 0
9 11 13 
#map
#players
1 player1 2 1 18 2
2 player2 1 1 14 3
3 player3 5 7 180 1
4 player4 1 1 14 4

round 146
#corps
2 13 12 
7 13 12 
10 13 12 
12 12 13 
13 12 10 
16 11 12 
19 10 2 
20 12 9 2 2 -1 3 44 70 0 
21 10 11 
#tower
0 3 2 
1 11 4 2 10 2 30 100 25 1 0
2 12 12 
3 4 11 
4 13 12 
5 11 12 
6 12 13 
7 10 12 
8 12 11 
9 11 13 
#map
#players
1 player1 2 1 18 2
2 player2 1 1 14 4
3 player3 5 7 180 1
4 player4 1 1 14 3

round 147
#corps
2 13 12 
7 13 12 
10 13 12 
12 12 13 
13 12 10 
16 11 12 
19 10 2 
20 12 9 
21 10 11 
#tower
0 3 2 
1 11 4 
2 12 12 
3 4 11 
4 13 12 3 20 -1 -1 140 29 3 0
5 11 12 
6 12 13 
7 10 12 3 15 3 10 62 27 2 0
8 12 11 3 1