round 0
#corps
#tower
0 1 2 1 10 -1 -1 100 25 1 1
1 13 3 2 10 -1 -1 100 25 1 1
2 13 13 3 10 -1 -1 100 25 1 1
3 2 10 4 10 -1 -1 100 25 1 1
#map
0 0 1 1
1 0 2 1
2 0 1 1
3 0 4 1
4 0 1 1
5 0 1 1
6 0 2 0
7 0 1 0
8 0 1 0
9 0 2 2
10 0 1 2
11 0 2 2
12 0 5 2
13 0 5 2
14 0 1 2
0 1 5 1
1 1 5 1
2 1 5 1
3 1 1 1
4 1 5 1
5 1 1 1
6 1 1 0
7 1 5 0
8 1 3 0
9 1 5 2
10 1 3 2
11 1 1 2
12 1 1 2
13 1 1 2
14 1 4 2
0 2 5 1
1 2 0 1
2 2 5 1
3 2 4 1
4 2 4 1
5 2 5 1
6 2 5 0
7 2 2 0
8 2 5 0
9 2 2 2
10 2 2 2
11 2 1 2
12 2 5 2
13 2 5 2
14 2 5 2
0 3 5 1
1 3 5 1
2 3 5 1
3 3 1 1
4 3 5 1
5 3 5 1
6 3 5 0
7 3 5 0
8 3 5 0
9 3 2 2
10 3 2 2
11 3 2 2
12 3 5 2
13 3 0 2
14 3 5 2
0 4 2 1
1 4 1 1
2 4 5 1
3 4 5 1
4 4 1 1
5 4 5 1
6 4 5 0
7 4 5 0
8 4 2 0
9 4 2 2
10 4 2 2
11 4 5 2
12 4 5 2
13 4 5 2
14 4 5 2
0 5 5 1
1 5 5 1
2 5 5 1
3 5 2 1
4 5 1 1
5 5 1 1
6 5 1 0
7 5 1 0
8 5 1 0
9 5 1 2
10 5 1 2
11 5 1 2
12 5 5 2
13 5 2 2
14 5 5 2
0 6 5 0
1 6 5 0
2 6 2 0
3 6 2 0
4 6 1 0
5 6 1 0
6 6 5 0
7 6 2 0
8 6 5 0
9 6 5 0
10 6 1 0
11 6 1 0
12 6 2 0
13 6 1 0
14 6 1 0
0 7 2 0
1 7 5 0
2 7 2 0
3 7 1 0
4 7 1 0
5 7 5 0
6 7 4 0
7 7 5 0
8 7 2 0
9 7 2 0
10 7 2 0
11 7 5 0
12 7 3 0
13 7 5 0
14 7 1 0
0 8 4 0
1 8 1 0
2 8 1 0
3 8 1 0
4 8 1 0
5 8 1 0
6 8 1 0
7 8 1 0
8 8 4 0
9 8 2 0
10 8 2 0
11 8 1 0
12 8 2 0
13 8 2 0
14 8 1 0
0 9 4 4
1 9 5 4
2 9 5 4
3 9 5 4
4 9 1 4
5 9 1 4
6 9 1 0
7 9 4 0
8 9 5 0
9 9 2 3
10 9 2 3
11 9 5 3
12 9 1 3
13 9 2 3
14 9 3 3
0 10 2 4
1 10 5 4
2 10 0 4
3 10 5 4
4 10 1 4
5 10 1 4
6 10 1 0
7 10 1 0
8 10 2 0
9 10 1 3
10 10 1 3
11 10 5 3
12 10 5 3
13 10 5 3
14 10 1 3
0 11 1 4
1 11 5 4
2 11 5 4
3 11 5 4
4 11 5 4
5 11 1 4
6 11 1 0
7 11 1 0
8 11 1 0
9 11 1 3
10 11 1 3
11 11 5 3
12 11 5 3
13 11 5 3
14 11 1 3
0 12 5 4
1 12 1 4
2 12 1 4
3 12 5 4
4 12 5 4
5 12 2 4
6 12 1 0
7 12 2 0
8 12 1 0
9 12 1 3
10 12 1 3
11 12 1 3
12 12 5 3
13 12 5 3
14 12 5 3
0 13 1 4
1 13 1 4
2 13 1 4
3 13 3 4
4 13 5 4
5 13 2 4
6 13 5 0
7 13 4 0
8 13 3 0
9 13 1 3
10 13 3 3
11 13 5 3
12 13 5 3
13 13 0 3
14 13 5 3
0 14 2 4
1 14 1 4
2 14 1 4
3 14 1 4
4 14 2 4
5 14 2 4
6 14 4 0
7 14 1 0
8 14 4 0
9 14 2 3
10 14 5 3
11 14 2 3
12 14 5 3
13 14 5 3
14 14 5 3
#players
1 player1 0 1 10 1
2 player2 0 1 10 2
3 player3 0 1 10 3
4 player4 0 1 10 4

round 1
#corps
#tower
0 1 2 1 10 2 90 100 25 1 0
1 13 3 
2 13 13 
3 2 10 
#map
#players
1 player1 0 1 10 1
2 player2 0 1 10 4
3 player3 0 1 10 2
4 player4 0 1 10 3

round 2
#corps
#tower
0 1 2 
1 13 3 2 10 2 90 100 25 1 0
2 13 13 
3 2 10 
#map
#players
1 player1 0 1 10 1
2 player2 0 1 10 4
3 player3 0 1 10 3
4 player4 0 1 10 2

round 3
#corps
#tower
0 1 2 
1 13 3 
2 13 13 3 10 4 30 100 25 1 0
3 2 10 
#map
#players
1 player1 0 1 10 3
2 player2 0 1 10 2
3 player3 0 1 10 4
4 player4 0 1 10 1

round 4
#corps
#tower
0 1 2 
1 13 3 
2 13 13 
3 2 10 4 10 2 90 100 25 1 0
#map
#players
1 player1 0 1 10 3
2 player2 0 1 10 4
3 player3 0 1 10 1
4 player4 0 1 10 2

round 5
#corps
#tower
0 1 2 1 10 2 80 100 25 1 0
1 13 3 
2 13 13 
3 2 10 
#map
#players
1 player1 0 1 10 4
2 player2 0 1 10 2
3 player3 0 1 10 3
4 player4 0 1 10 1

round 6
#corps
#tower
0 1 2 
1 13 3 2 10 2 80 100 25 1 0
2 13 13 
3 2 10 
#map
#players
1 player1 0 1 10 2
2 player2 0 1 10 1
3 player3 0 1 10 3
4 player4 0 1 10 4

round 7
#corps
#tower
0 1 2 
1 13 3 
2 13 13 3 10 4 20 100 25 1 0
3 2 10 
#map
#players
1 player1 0 1 10 4
2 player2 0 1 10 1
3 player3 0 1 10 3
4 player4 0 1 10 2

round 8
#corps
#tower
0 1 2 
1 13 3 
2 13 13 
3 2 10 4 10 2 80 100 25 1 0
#map
#players
1 player1 0 1 10 3
2 player2 0 1 10 1
3 player3 0 1 10 4
4 player4 0 1 10 2

round 9
#corps
#tower
0 1 2 1 10 2 70 100 25 1 0
1 13 3 
2 13 13 
3 2 10 
#map
#players
1 player1 0 1 10 1
2 player2 0 1 10 3
3 player3 0 1 10 4
4 player4 0 1 10 2

round 10
#corps
#tower
0 1 2 
1 13 3 2 10 2 70 100 25 1 0
2 13 13 
3 2 10 
#map
#players
1 player1 0 1 10 4
2 player2 0 1 10 3
3 player3 0 1 10 1
4 player4 0 1 10 2

round 11
#corps
#tower
0 1 2 
1 13 3 
2 13 13 3 10 4 10 100 25 1 0
3 2 10 
#map
#players
1 player1 0 1 10 2
2 player2 0 1 10 1
3 player3 0 1 10 3
4 player4 0 1 10 4

round 12
#corps
#tower
0 1 2 
1 13 3 
2 13 13 
3 2 10 4 10 2 70 100 25 1 0
#map
#players
1 player1 0 1 10 4
2 player2 0 1 10 3
3 player3 0 1 10 1
4 player4 0 1 10 2

round 13
#corps
#tower
0 1 2 1 10 2 60 100 25 1 0
1 13 3 
2 13 13 
3 2 10 
#map
#players
1 player1 0 1 10 1
2 player2 0 1 10 4
3 player3 0 1 10 2
4 player4 0 1 10 3

round 14
#corps
#tower
0 1 2 
1 13 3 2 10 2 60 100 25 1 0
2 13 13 
3 2 10 
#map
#players
1 player1 0 1 10 2
2 player2 0 1 10 3
3 player3 0 1 10 1
4 player4 0 1 10 4

round 15
#corps
0 13 13 3 4 0 2 -1 -1 1 
#tower
0 1 2 
1 13 3 
2 13 13 3 10 -1 -1 100 25 1 0
3 2 10 
#map
#players
1 player1 0 1 10 3
2 player2 0 1 10 2
3 player3 1 1 14 1
4 player4 0 1 10 4

round 16
#corps
0 13 13 
#tower
0 1 2 
1 13 3 
2 13 13 
3 2 10 4 10 2 60 100 25 1 0
#map
#players
1 player1 0 1 10 3
2 player2 0 1 10 2
3 player3 1 1 14 1
4 player4 0 1 10 4

round 17
#corps
0 13 13 
#tower
0 1 2 1 10 2 50 100 25 1 0
1 13 3 
2 13 13 
3 2 10 
#map
#players
1 player1 0 1 10 2
2 player2 0 1 10 3
3 player3 1 1 14 1
4 player4 0 1 10 4

round 18
#corps
0 13 13 
#tower
0 1 2 
1 13 3 2 10 2 50 100 25 1 0
2 13 13 
3 2 10 
#map
#players
1 player1 0 1 10 3
2 player2 0 1 10 4
3 player3 1 1 14 1
4 player4 0 1 10 2

round 19
#corps
#tower
0 1 2 
1 13 3 
2 13 13 3 10 4 30 100 25 1 0
3 2 10 
4 14 13 3 10 -1 -1 100 25 1 1
#map
9 8 2 3
10 8 2 3
11 8 1 3
12 8 2 3
13 8 2 3
14 8 1 3
14 13 0 3
#players
1 player1 0 1 10 3
2 player2 0 1 10 4
3 player3 0 2 20 1
4 player4 0 1 10 2

round 20
#corps
#tower
0 1 2 
1 13 3 
2 13 13 
3 2 10 4 10 2 50 100 25 1 0
4 14 13 
#map
#players
1 player1 0 1 10 4
2 player2 0 1 10 2
3 player3 0 2 20 1
4 player4 0 1 10 3

round 21
#corps
#tower
0 1 2 1 10 2 40 100 25 1 0
1 13 3 
2 13 13 
3 2 10 
4 14 13 
#map
#players
1 player1 0 1 10 3
2 player2 0 1 10 2
3 player3 0 2 20 1
4 player4 0 1 10 4

round 22
#corps
#tower
0 1 2 
1 13 3 2 10 2 40 100 25 1 0
2 13 13 
3 2 10 
4 14 13 
#map
#players
1 player1 0 1 10 4
2 player2 0 1 10 2
3 player3 0 2 20 1
4 player4 0 1 10 3

round 23
#corps
#tower
0 1 2 
1 13 3 
2 13 13 3 10 4 20 100 25 1 0
3 2 10 
4 14 13 3 10 4 30 100 25 1 0
#map
#players
1 player1 0 1 10 2
2 player2 0 1 10 3
3 player3 0 2 20 1
4 player4 0 1 10 4

round 24
#corps
#tower
0 1 2 
1 13 3 
2 13 13 
3 2 10 4 10 2 40 100 25 1 0
4 14 13 
#map
#players
1 player1 0 1 10 4
2 player2 0 1 10 2
3 player3 0 2 20 1
4 player4 0 1 10 3

round 25
#corps
#tower
0 1 2 1 10 2 30 100 25 1 0
1 13 3 
2 13 13 
3 2 10 
4 14 13 
#map
#players
1 player1 0 1 10 2
2 player2 0 1 10 3
3 player3 0 2 20 1
4 player4 0 1 10 4

round 26
#corps
#tower
0 1 2 
1 13 3 2 10 2 30 100 25 1 0
2 13 13 
3 2 10 
4 14 13 
#map
#players
1 player1 0 1 10 3
2 player2 0 1 10 4
3 player3 0 2 20 1
4 player4 0 1 10 2

round 27
#corps
#tower
0 1 2 
1 13 3 
2 13 13 3 10 4 10 100 25 1 0
3 2 10 
4 14 13 3 10 4 20 100 25 1 0
#map
#players
1 player1 0 1 10 3
2 player2 0 1 10 4
3 player3 0 2 20 1
4 player4 0 1 10 2

round 28
#corps
#tower
0 1 2 
1 13 3 
2 13 13 
3 2 10 4 10 2 30 100 25 1 0
4 14 13 
#map
#players
1 player1 0 1 10 3
2 player2 0 1 10 4
3 player3 0 2 20 1
4 player4 0 1 10 2

round 29
#corps
#tower
0 1 2 1 10 2 20 100 25 1 0
1 13 3 
2 13 13 
3 2 10 
4 14 13 
#map
#players
1 player1 0 1 10 2
2 player2 0 1 10 4
3 player3 0 2 20 1
4 player4 0 1 10 3

round 30
#corps
#tower
0 1 2 
1 13 3 2 10 2 20 100 25 1 0
2 13 13 
3 2 10 
4 14 13 
#map
#players
1 player1 0 1 10 3
2 player2 0 1 10 2
3 player3 0 2 20 1
4 player4 0 1 10 4

round 31
#corps
1 13 13 3 4 0 2 -1 -1 1 
#tower
0 1 2 
1 13 3 
2 13 13 3 10 -1 -1 100 25 1 0
3 2 10 
4 14 13 3 10 4 10 100 25 1 0
#map
#players
1 player1 0 1 10 4
2 player2 0 1 10 2
3 player3 1 2 24 1
4 player4 0 1 10 3

round 32
#corps
1 13 13 
#tower
0 1 2 
1 13 3 
2 13 13 
3 2 10 4 10 2 20 100 25 1 0
4 14 13 
#map
#players
1 player1 0 1 10 2
2 player2 0 1 10 4
3 player3 1 2 24 1
4 player4 0 1 10 3

round 33
#corps
1 13 13 
#tower
0 1 2 1 10 2 10 100 25 1 0
1 13 3 
2 13 13 
3 2 10 
4 14 13 
#map
#players
1 player1 0 1 10 4
2 player2 0 1 10 3
3 player3 1 2 24 1
4 player4 0 1 10 2

round 34
#corps
1 13 13 
#tower
0 1 2 
1 13 3 2 10 2 10 100 25 1 0
2 13 13 
3 2 10 
4 14 13 
#map
#players
1 player1 0 1 10 2
2 player2 0 1 10 3
3 player3 1 2 24 1
4 player4 0 1 10 4

round 35
#corps
2 14 13 3 4 0 2 -1 -1 1 
#tower
0 1 2 
1 13 3 
2 13 13 3 10 4 30 100 25 1 0
3 2 10 
4 14 13 3 10 -1 -1 100 25 1 0
5 12 13 3 10 -1 -1 100 25 1 1
#map
7 8 1 3
8 8 4 3
7 9 4 3
8 9 5 3
7 10 1 3
8 10 2 3
7 11 1 3
8 11 1 3
7 12 2 3
8 12 1 3
7 13 4 3
8 13 3 3
12 13 0 3
7 14 1 3
8 14 4 3
#players
1 player1 0 1 10 4
2 player2 0 1 10 2
3 player3 1 3 34 1
4 player4 0 1 10 3

round 36
#corps
2 14 13 
#tower
0 1 2 
1 13 3 
2 13 13 
3 2 10 4 10 2 10 100 25 1 0
4 14 13 
5 12 13 
#map
#players
1 player1 0 1 10 4
2 player2 0 1 10 3
3 player3 1 3 34 1
4 player4 0 1 10 2

round 37
#corps
2 14 13 
3 1 2 1 2 -1 4 44 70 1 
#tower
0 1 2 1 10 -1 -1 100 25 1 0
1 13 3 
2 13 13 
3 2 10 
4 14 13 
5 12 13 
#map
#players
1 player1 1 1 14 2
2 player2 0 1 10 4
3 player3 1 3 34 1
4 player4 0 1 10 3

round 38
#corps
2 14 13 
3 1 2 
4 13 3 2 2 -1 4 44 70 1 
#tower
0 1 2 
1 13 3 2 10 -1 -1 100 25 1 0
2 13 13 
3 2 10 
4 14 13 
5 12 13 
#map
#players
1 player1 1 1 14 2
2 player2 1 1 14 3
3 player3 1 3 34 1
4 player4 0 1 10 4

round 39
#corps
3 1 2 
4 13 3 
#tower
0 1 2 
1 13 3 
2 13 13 3 10 4 20 100 25 1 0
3 2 10 
4 14 13 3 10 4 30 100 25 1 0
5 12 13 3 10 4 30 100 25 1 0
6 14 14 3 10 -1 -1 100 25 1 1
#map
14 14 0 3
#players
1 player1 1 1 14 2
2 player2 1 1 14 3
3 player3 0 4 40 1
4 player4 0 1 10 4

round 40
#corps
3 1 2 
4 13 3 
5 2 10 4 2 -1 4 44 70 1 
#tower
0 1 2 
1 13 3 
2 13 13 
3 2 10 4 10 -1 -1 100 25 1 0
4 14 13 
5 12 13 
6 14 14 
#map
#players
1 player1 1 1 14 2
2 player2 1 1 14 3
3 player3 0 4 40 1
4 player4 1 1 14 4

round 41
#corps
3 2 2 1 2 -1 3 44 70 0 
4 13 3 
5 2 10 
#tower
0 1 2 1 10 2 90 100 25 1 0
1 13 3 
2 13 13 
3 2 10 
4 14 13 
5 12 13 
6 14 14 
#map
#players
1 player1 1 1 14 4
2 player2 1 1 14 2
3 player3 0 4 40 1
4 player4 1 1 14 3

round 42
#corps
3 2 2 
4 13 4 2 2 -1 3 44 70 0 
5 2 10 
#tower
0 1 2 
1 13 3 2 10 2 90 100 25 1 0
2 13 13 
3 2 10 
4 14 13 
5 12 13 
6 14 14 
#map
#players
1 player1 1 1 14 3
2 player2 1 1 14 2
3 player3 0 4 40 1
4 player4 1 1 14 4

round 43
#corps
3 2 2 
4 13 4 
5 2 10 
#tower
0 1 2 
1 13 3 
2 13 13 3 10 4 10 100 25 1 0
3 2 10 
4 14 13 3 10 4 20 100 25 1 0
5 12 13 3 10 4 20 100 25 1 0
6 14 14 3 10 4 30 100 25 1 0
#map
#players
1 player1 1 1 14 2
2 player2 1 1 14 4
3 player3 0 4 40 1
4 player4 1 1 14 3

round 44
#corps
3 2 2 
4 13 4 
5 3 10 4 2 -1 3 44 70 0 
#tower
0 1 2 
1 13 3 
2 13 13 
3 2 10 4 10 2 90 100 25 1 0
4 14 13 
5 12 13 
6 14 14 
#map
#players
1 player1 1 1 14 3
2 player2 1 1 14 2
3 player3 0 4 40 1
4 player4 1 1 14 4

round 45
#corps
3 3 2 1 2 -1 1 41 70 0 
4 13 4 
5 3 10 
#tower
0 1 2 1 10 2 80 100 25 1 0
1 13 3 
2 13 13 
3 2 10 
4 14 13 
5 12 13 
6 14 14 
#map
#players
1 player1 1 1 14 2
2 player2 1 1 14 4
3 player3 0 4 40 1
4 player4 1 1 14 3

round 46
#corps
3 3 2 
4 13 5 2 2 -1 1 49 70 0 
5 3 10 
#tower
0 1 2 
1 13 3 2 10 2 80 100 25 1 0
2 13 13 
3 2 10 
4 14 13 
5 12 13 
6 14 14 
#map
#players
1 player1 1 1 14 3
2 player2 1 1 14 4
3 player3 0 4 40 1
4 player4 1 1 14 2

round 47
#corps
3 3 2 
4 13 5 
5 3 10 
6 13 13 3 4 0 2 -1 -1 1 
#tower
0 1 2 
1 13 3 
2 13 13 3 10 -1 -1 100 25 1 0
3 2 10 
4 14 13 3 10 4 10 100 25 1 0
5 12 13 3 10 4 10 100 25 1 0
6 14 14 3 10 4 20 100 25 1 0
#map
#players
1 player1 1 1 14 4
2 player2 1 1 14 3
3 player3 1 4 44 1
4 player4 1 1 14 2

round 48
#corps
3 3 2 
4 13 5 
5 4 10 4 2 -1 2 44 70 0 
6 13 13 
#tower
0 1 2 
1 13 3 
2 13 13 
3 2 10 4 10 2 80 100 25 1 0
4 14 13 
5 12 13 
6 14 14 
#map
#players
1 player1 1 1 14 4
2 player2 1 1 14 2
3 player3 1 4 44 1
4 player4 1 1 14 3

round 49
#corps
3 4 2 1 2 -1 0 41 70 0 
4 13 5 
5 4 10 
6 13 13 
#tower
0 1 2 1 10 2 70 100 25 1 0
1 13 3 
2 13 13 
3 2 10 
4 14 13 
5 12 13 
6 14 14 
#map
#players
1 player1 1 1 14 4
2 player2 1 1 14 2
3 player3 1 4 44 1
4 player4 1 1 14 3

round 50
#corps
3 4 2 
4 13 6 2 2 -1 1 44 70 0 
5 4 10 
6 13 13 
#tower
0 1 2 
1 13 3 2 10 2 70 100 25 1 0
2 13 13 
3 2 10 
4 14 13 
5 12 13 
6 14 14 
#map
#players
1 player1 1 1 14 2
2 player2 1 1 14 3
3 player3 1 4 44 1
4 player4 1 1 14 4

round 51
#corps
3 4 2 
4 13 6 
5 4 10 
7 14 13 3 4 0 2 -1 -1 1 
8 12 13 3 4 0 2 -1 -1 1 
#tower
0 1 2 
1 13 3 
2 13 13 3 10 4 30 100 25 1 0
3 2 10 
4 14 13 3 10 -1 -1 100 25 1 0
5 12 13 3 10 -1 -1 100 25 1 0
6 14 14 3 10 4 10 100 25 1 0
7 13 14 3 10 -1 -1 100 25 1 1
#map
13 14 0 3
#players
1 player1 1 1 14 4
2 player2 1 1 14 2
3 player3 2 5 58 1
4 player4 1 1 14 3

round 52
#corps
3 4 2 
4 13 6 
5 5 10 4 2 -1 2 44 70 0 
7 14 13 
8 12 13 
#tower
0 1 2 
1 13 3 
2 13 13 
3 2 10 4 10 2 70 100 25 1 0
4 14 13 
5 12 13 
6 14 14 
7 13 14 
#map
#players
1 player1 1 1 14 4
2 player2 1 1 14 2
3 player3 2 5 58 1
4 player4 1 1 14 3

round 53
#corps
3 5 2 1 2 -1 1 44 70 0 
4 13 6 
5 5 10 
7 14 13 
8 12 13 
#tower
0 1 2 1 10 2 60 100 25 1 0
1 13 3 
2 13 13 
3 2 10 
4 14 13 
5 12 13 
6 14 14 
7 13 14 
#map
#players
1 player1 1 1 14 4
2 player2 1 1 14 2
3 player3 2 5 58 1
4 player4 1 1 14 3

round 54
#corps
3 5 2 
4 13 7 2 2 -1 2 44 70 0 
5 5 10 
7 14 13 
8 12 13 
#tower
0 1 2 
1 13 3 2 10 2 60 100 25 1 0
2 13 13 
3 2 10 
4 14 13 
5 12 13 
6 14 14 
7 13 14 
#map
#players
1 player1 1 1 14 2
2 player2 1 1 14 4
3 player3 2 5 58 1
4 player4 1 1 14 3

round 55
#corps
3 5 2 
4 13 7 
5 5 10 
#tower
0 1 2 
1 13 3 
2 13 13 3 10 4 20 100 25 1 0
3 2 10 
4 14 13 3 10 4 30 100 25 1 0
5 12 13 3 10 4 30 100 25 1 0
6 14 14 3 10 5 30 100 25 1 0
7 13 14 3 10 4 30 100 25 1 0
8 14 12 3 10 -1 -1 100 25 1 1
9 11 13 3 10 -1 -1 100 25 1 1
#map
9 7 2 3
10 7 2 3
11 7 5 3
12 7 3 3
13 7 5 3
14 7 1 3
6 8 1 3
6 9 1 3
6 10 1 3
6 11 1 3
6 12 1 3
14 12 0 3
6 13 5 3
11 13 0 3
6 14 4 3
#players
1 player1 1 1 14 3
2 player2 1 1 14 2
3 player3 0 7 70 1
4 player4 1 1 14 4

round 56
#corps
3 5 2 
4 13 7 
5 6 10 4 2 -1 2 44 70 0 
#tower
0 1 2 
1 13 3 
2 13 13 
3 2 10 4 10 2 60 100 25 1 0
4 14 13 
5 12 13 
6 14 14 
7 13 14 
8 14 12 
9 11 13 
#map
#players
1 player1 1 1 14 3
2 player2 1 1 14 2
3 player3 0 7 70 1
4 player4 1 1 14 4

round 57
#corps
3 6 2 1 2 -1 3 44 70 0 
4 13 7 
5 6 10 
#tower
0 1 2 1 10 2 50 100 25 1 0
1 13 3 
2 13 13 
3 2 10 
4 14 13 
5 12 13 
6 14 14 
7 13 14 
8 14 12 
9 11 13 
#map
#players
1 player1 1 1 14 2
2 player2 1 1 14 3
3 player3 0 7 70 1
4 player4 1 1 14 4

round 58
#corps
3 6 2 
4 13 8 2 2 -1 1 49 70 0 
5 6 10 
#tower
0 1 2 
1 13 3 2 10 2 50 100 25 1 0
2 13 13 
3 2 10 
4 14 13 
5 12 13 
6 14 14 
7 13 14 
8 14 12 
9 11 13 
#map
#players
1 player1 1 1 14 4
2 player2 1 1 14 3
3 player3 0 7 70 1
4 player4 1 1 14 2

round 59
#corps
3 6 2 
4 13 8 
5 6 10 
#tower
0 1 2 
1 13 3 
2 13 13 3 10 4 10 100 25 1 0
3 2 10 
4 14 13 3 10 5 30 100 25 1 0
5 12 13 3 10 4 20 100 25 1 0
6 14 14 3 10 5 20 100 25 1 0
7 13 14 3 10 4 20 100 25 1 0
8 14 12 3 10 4 30 100 25 1 0
9 11 13 3 10 4 30 100 25 1 0
#map
#players
1 player1 1 1 14 2
2 player2 1 1 14 3
3 player3 0 7 70 1
4 player4 1 1 14 4

round 60
#corps
3 6 2 
4 13 8 
5 7 10 4 2 -1 2 44 70 0 
#tower
0 1 2 
1 13 3 
2 13 13 
3 2 10 4 10 2 50 100 25 1 0
4 14 13 
5 12 13 
6 14 14 
7 13 14 
8 14 12 
9 11 13 
#map
#players
1 player1 1 1 14 3
2 player2 1 1 14 4
3 player3 0 7 70 1
4 player4 1 1 14 2

round 61
#corps
3 7 2 1 2 -1 1 49 70 0 
4 13 8 
5 7 10 
#tower
0 1 2 1 10 2 40 100 25 1 0
1 13 3 
2 13 13 
3 2 10 
4 14 13 
5 12 13 
6 14 14 
7 13 14 
8 14 12 
9 11 13 
#map
#players
1 player1 1 1 14 2
2 player2 1 1 14 4
3 player3 0 7 70 1
4 player4 1 1 14 3

round 62
#corps
3 7 2 
4 13 9 2 2 -1 0 49 70 0 
5 7 10 
#tower
0 1 2 
1 13 3 2 10 2 40 100 25 1 0
2 13 13 
3 2 10 
4 14 13 
5 12 13 
6 14 14 
7 13 14 
8 14 12 
9 11 13 
#map
#players
1 player1 1 1 14 2
2 player2 1 1 14 3
3 player3 0 7 70 1
4 player4 1 1 14 4

round 63
#corps
3 7 2 
4 13 9 
5 7 10 
9 13 13 3 4 0 2 -1 -1 1 
#tower
0 1 2 
1 13 3 
2 13 13 3 10 -1 -1 100 25 1 0
3 2 10 
4 14 13 3 10 5 20 100 25 1 0
5 12 13 3 10 4 10 100 25 1 0
6 14 14 3 10 5 10 100 25 1 0
7 13 14 3 10 4 10 100 25 1 0
8 14 12 3 10 4 20 100 25 1 0
9 11 13 3 10 4 20 100 25 1 0
#map
#players
1 player1 1 1 14 3
2 player2 1 1 14 2
3 player3 1 7 74 1
4 player4 1 1 14 4

round 64
#corps
3 7 2 
4 13 9 
5 8 10 4 2 -1 1 49 70 0 
9 13 13 
#tower
0 1 2 
1 13 3 
2 13 13 
3 2 10 4 10 2 40 100 25 1 0
4 14 13 
5 12 13 
6 14 14 
7 13 14 
8 14 12 
9 11 13 
#map
#players
1 player1 1 1 14 3
2 player2 1 1 14 2
3 player3 1 7 74 1
4 player4 1 1 14 4

round 65
#corps
3 8 2 1 2 -1 1 44 70 0 
4 13 9 
5 8 10 
9 13 13 
#tower
0 1 2 1 10 2 30 100 25 1 0
1 13 3 
2 13 13 
3 2 10 
4 14 13 
5 12 13 
6 14 14 
7 13 14 
8 14 12 
9 11 13 
#map
#players
1 player1 1 1 14 4
2 player2 1 1 14 3
3 player3 1 7 74 1
4 player4 1 1 14 2

round 66
#corps
3 8 2 
4 13 10 2 2 -1 1 44 70 0 
5 8 10 
9 13 13 
#tower
0 1 2 
1 13 3 2 10 2 30 100 25 1 0
2 13 13 
3 2 10 
4 14 13 
5 12 13 
6 14 14 
7 13 14 
8 14 12 
9 11 13 
#map
#players
1 player1 1 1 14 2
2 player2 1 1 14 3
3 player3 1 7 74 1
4 player4 1 1 14 4

round 67
#corps
3 8 2 
4 13 10 
5 8 10 
10 12 13 3 4 0 2 -1 -1 1 
11 13 14 3 4 0 2 -1 -1 1 
#tower
0 1 2 
1 13 3 
2 13 13 3 10 4 30 100 25 1 0
3 2 10 
4 14 13 3 10 5 10 100 25 1 0
5 12 13 3 10 -1 -1 100 25 1 0
6 14 14 3 15 -1 -1 120 27 2 0
7 13 14 3 10 -1 -1 100 25 1 0
8 14 12 3 10 4 10 100 25 1 0
9 11 13 3 10 4 10 100 25 1 0
10 13 12 3 10 -1 -1 100 25 1 1
#map
8 7 2 3
13 12 0 3
#players
1 player1 1 1 14 3
2 player2 1 1 14 2
3 player3 2 8 98 1
4 player4 1 1 14 4

round 68
#corps
3 8 2 
4 13 10 
5 9 10 4 2 -1 1 44 70 0 
10 12 13 
11 13 14 
#tower
0 1 2 
1 13 3 
2 13 13 
3 2 10 4 10 2 30 100 25 1 0
4 14 13 
5 12 13 
6 14 14 
7 13 14 
8 14 12 
9 11 13 
10 13 12 
#map
#players
1 player1 1 1 14 2
2 player2 1 1 14 3
3 player3 2 8 98 1
4 player4 1 1 14 4

round 69
#corps
3 9 2 1 2 -1 1 49 70 0 
4 13 10 
5 9 10 
10 12 13 
11 13 14 
#tower
0 1 2 1 10 2 20 100 25 1 0
1 13 3 
2 13 13 
3 2 10 
4 14 13 
5 12 13 
6 14 14 
7 13 14 
8 14 12 
9 11 13 
10 13 12 
#map
#players
1 player1 1 1 14 2
2 player2 1 1 14 3
3 player3 2 8 98 1
4 player4 1 1 14 4

round 70
#corps
3 9 2 
4 13 11 2 2 -1 0 36 57 0 
5 9 10 
10 12 13 
11 13 14 
#tower
0 1 2 
1 13 3 2 10 2 20 100 25 1 0
2 13 13 
3 2 10 
4 14 13 
5 12 13 
6 14 14 
7 13 14 
8 14 12 3 10 4 10 68 25 1 0
9 11 13 
10 13 12 
#map
#players
1 player1 1 1 14 4
2 player2 1 1 14 2
3 player3 2 8 98 1
4 player4 1 1 14 3

round 71
#corps
3 9 2 
4 13 11 
5 9 10 
11 12 14 3 4 0 1 -1 -1 0 
#tower
0 1 2 
1 13 3 
2 13 13 
3 2 10 
4 14 13 
5 12 13 3 10 -1 -1 100 25 1 0
6 14 14 3 15 5 65 120 27 2 0
7 13 14 3 10 5 30 100 25 1 0
8 14 12 
9 11 13 
10 13 12 3 10 -1 -1 100 25 1 0
11 12 14 3 10 -1 -1 100 25 1 1
#map
12 14 0 3
#players
1 player1 1 1 14 4
2 player2 1 1 14 3
3 player3 1 9 104 1
4 player4 1 1 14 2

round 72
#corps
3 9 2 
4 13 11 
5 10 10 4 2 -1 2 44 70 0 
11 12 14 
#tower
0 1 2 
1 13 3 
2 13 13 
3 2 10 4 10 2 20 100 25 1 0
4 14 13 
5 12 13 
6 14 14 
7 13 14 
8 14 12 
9 11 13 
10 13 12 
11 12 14 
#map
#players
1 player1 1 1 14 4
2 player2 1 1 14 2
3 player3 1 9 104 1
4 player4 1 1 14 3

round 73
#corps
3 10 2 1 2 -1 0 49 70 0 
4 13 11 
5 10 10 
11 12 14 
#tower
0 1 2 1 10 2 10 100 25 1 0
1 13 3 
2 13 13 
3 2 10 
4 14 13 
5 12 13 
6 14 14 
7 13 14 
8 14 12 
9 11 13 
10 13 12 
11 12 14 
#map
#players
1 player1 1 1 14 4
2 player2 1 1 14 3
3 player3 1 9 104 1
4 player4 1 1 14 2

round 74
#corps
3 10 2 
4 13 11 2 2 -1 0 25 39 0 
5 10 10 
11 12 14 
#tower
0 1 2 
1 13 3 2 10 2 10 100 25 1 0
2 13 13 
3 2 10 
4 14 13 
5 12 13 
6 14 14 
7 13 14 
8 14 12 3 10 4 10 45 25 1 0
9 11 13 
10 13 12 
11 12 14 
#map
#players
1 player1 1 1 14 4
2 player2 1 1 14 2
3 player3 1 9 104 1
4 player4 1 1 14 3

round 75
#corps
3 10 2 
4 13 11 
5 10 10 
11 12 14 3 4 0 2 -1 -1 0 
#tower
0 1 2 
1 13 3 
2 13 13 
3 2 10 
4 14 13 
5 12 13 3 10 -1 -1 100 25 1 0
6 14 14 
7 13 14 3 10 5 20 100 25 1 0
8 14 12 3 10 3 30 45 25 1 0
9 11 13 
10 13 12 3 10 -1 -1 100 25 1 0
11 12 14 3 10 5 30 100 25 1 0
#map
#players
1 player1 1 1 14 3
2 player2 1 1 14 2
3 player3 1 9 104 1
4 player4 1 1 14 4

round 76
#corps
3 10 2 
4 13 11 
5 11 10 4 2 -1 2 44 70 0 
11 12 14 
#tower
0 1 2 
1 13 3 
2 13 13 
3 2 10 4 10 2 10 100 25 1 0
4 14 13 
5 12 13 
6 14 14 
7 13 14 
8 14 12 
9 11 13 
10 13 12 
11 12 14 
#map
#players
1 player1 1 1 14 4
2 player2 1 1 14 2
3 player3 1 9 104 1
4 player4 1 1 14 3

round 77
#corps
3 11 2 1 2 -1 1 44 70 0 
4 13 11 
5 11 10 
11 12 14 
12 1 2 1 2 -1 4 44 70 1 
#tower
0 1 2 1 10 -1 -1 100 25 1 0
1 13 3 
2 13 13 
3 2 10 
4 14 13 
5 12 13 
6 14 14 
7 13 14 
8 14 12 
9 11 13 
10 13 12 
11 12 14 
#map
#players
1 player1 2 1 18 2
2 player2 1 1 14 4
3 player3 1 9 104 1
4 player4 1 1 14 3

round 78
#corps
3 11 2 
4 13 11 2 2 -1 0 7 11 0 
5 11 10 
11 12 14 
12 1 2 
13 13 3 2 2 -1 4 44 70 1 
#tower
0 1 2 
1 13 3 2 10 -1 -1 100 25 1 0
2 13 13 
3 2 10 
4 14 13 
5 12 13 
6 14 14 
7 13 14 
8 14 12 3 10 3 30 30 25 1 0
9 11 13 
10 13 12 
11 12 14 
#map
#players
1 player1 2 1 18 2
2 player2 2 1 18 3
3 player3 1 9 104 1
4 player4 1 1 14 4

round 79
#corps
3 11 2 
4 13 11 
5 11 10 
11 12 14 
12 1 2 
13 13 3 
#tower
0 1 2 
1 13 3 
2 13 13 
3 2 10 
4 14 13 
5 12 13 3 10 -1 -1 100 25 1 0
6 14 14 
7 13 14 3 10 5 10 100 25 1 0
8 14 12 3 10 3 20 30 25 1 0
9 11 13 
10 13 12 3 10 -1 -1 100 25 1 0
11 12 14 3 10 5 20 100 25 1 0
#map
#players
1 player1 2 1 18 2
2 player2 2 1 18 3
3 player3 1 9 104 1
4 player4 1 1 14 4

round 80
#corps
3 11 2 
4 13 11 
5 12 10 4 2 -1 3 44 70 0 
11 12 14 
12 1 2 
13 13 3 
14 2 10 4 2 -1 4 44 70 1 
#tower
0 1 2 
1 13 3 
2 13 13 
3 2 10 4 10 -1 -1 100 25 1 0
4 14 13 
5 12 13 
6 14 14 
7 13 14 
8 14 12 
9 11 13 
10 13 12 
11 12 14 
#map
#players
1 player1 2 1 18 3
2 player2 2 1 18 2
3 player3 1 9 104 1
4 player4 2 1 18 4

round 81
#corps
3 12 2 1 2 -1 2 44 70 0 
4 13 11 
5 12 10 
11 12 14 
12 2 2 1 2 -1 3 44 70 0 
13 13 3 
14 2 10 
#tower
0 1 2 1 10 2 90 100 25 1 0
1 13 3 
2 13 13 
3 2 10 
4 14 13 
5 12 13 
6 14 14 
7 13 14 
8 14 12 
9 11 13 
10 13 12 
11 12 14 
#map
#players
1 player1 2 1 18 4
2 player2 2 1 18 3
3 player3 1 9 104 1
4 player4 2 1 18 2

round 82
#corps
3 12 2 
5 12 10 
11 12 14 
12 2 2 
13 13 4 2 2 -1 3 44 70 0 
14 2 10 
#tower
0 1 2 
1 13 3 2 10 2 90 100 25 1 0
2 13 13 
3 2 10 
4 14 13 
5 12 13 
6 14 14 
7 13 14 
8 14 12 3 10 3 20 23 25 1 0
9 11 13 
10 13 12 
11 12 14 
#map
#players
1 player1 2 1 18 3
2 player2 1 1 14 4
3 player3 1 9 104 1
4 player4 2 1 18 2

round 83
#corps
3 12 2 
5 12 10 
11 12 14 
12 2 2 
13 13 4 
14 2 10 
#tower
0 1 2 
1 13 3 
2 13 13 3 10 5 30 100 25 1 0
3 2 10 
4 14 13 
5 12 13 3 10 5 30 100 25 1 0
6 14 14 
7 13 14 3 15 -1 -1 120 27 2 0
8 14 12 3 10 3 10 23 25 1 0
9 11 13 3 10 5 30 100 25 1 0
10 13 12 3 10 -1 -1 100 25 1 0
11 12 14 3 10 5 10 100 25 1 0
#map
#players
1 player1 2 1 18 3
2 player2 1 1 14 4
3 player3 1 9 114 1
4 player4 2 1 18 2

round 84
#corps
3 12 2 
5 13 10 4 2 -1 3 44 70 0 
11 12 14 
12 2 2 
13 13 4 
14 3 10 4 2 -1 3 44 70 0 
#tower
0 1 2 
1 13 3 
2 13 13 
3 2 10 4 10 2 90 100 25 1 0
4 14 13 
5 12 13 
6 14 14 
7 13 14 
8 14 12 
9 11 13 
10 13 12 
11 12 14 
#map
#players
1 player1 2 1 18 2
2 player2 1 1 14 4
3 player3 1 9 114 1
4 player4 2 1 18 3

round 85
#corps
3 13 2 1 2 -1 3 44 70 0 
5 13 10 
11 12 14 
12 3 2 1 2 -1 1 41 70 0 
13 13 4 
14 3 10 
#tower
0 1 2 1 10 2 80 100 25 1 0
1 13 3 
2 13 13 
3 2 10 
4 14 13 
5 12 13 
6 14 14 
7 13 14 
8 14 12 
9 11 13 
10 13 12 
11 12 14 
#map
#players
1 player1 2 1 18 3
2 player2 1 1 14 4
3 player3 1 9 114 1
4 player4 2 1 18 2

round 86
#corps
3 13 2 
5 13 10 
11 12 14 
12 3 2 
13 13 5 2 2 -1 1 49 70 0 
14 3 10 
#tower
0 1 2 
1 13 3 2 10 2 80 100 25 1 0
2 13 13 
3 2 10 
4 14 13 
5 12 13 
6 14 14 
7 13 14 
8 14 12 
9 11 13 
10 13 12 
11 12 14 
#map
#players
1 player1 2 1 18 3
2 player2 1 1 14 4
3 player3 1 9 114 1
4 player4 2 1 18 2

round 87
#corps
3 13 2 
5 13 10 
11 12 14 
12 3 2 
13 13 5 
14 3 10 
15 14 12 3 3 3 2 -1 -1 1 
#tower
0 1 2 
1 13 3 
2 13 13 3 10 5 20 100 25 1 0
3 2 10 
4 14 13 
5 12 13 3 10 5 20 100 25 1 0
6 14 14 
7 13 14 3 15 5 65 120 27 2 0
8 14 12 3 10 -1 -1 23 25 1 0
9 11 13 3 10 5 20 100 25 1 0
10 13 12 3 10 -1 -1 100 25 1 0
11 12 14 3 15 -1 -1 120 27 2 0
#map
#players
1 player1 2 1 18 3
2 player2 1 1 14 4
3 player3 2 9 128 1
4 player4 2 1 18 2

round 88
#corps
3 13 2 
5 14 12 4 2 -1 0 36 56 0 
11 12 14 
12 3 2 
13 13 5 
14 4 10 4 2 -1 2 44 70 0 
#tower
0 1 2 
1 13 3 
2 13 13 
3 2 10 4 10 2 80 100 25 1 0
4 14 13 
5 12 13 
6 14 14 
7 13 14 
9 11 13 
10 13 12 
11 12 14 
#map
14 12 5 3
#players
1 player1 2 1 18 3
2 player2 1 1 14 4
3 player3 1 8 114 1
4 player4 2 1 33 2

round 89
#corps
3 13 2 1 2 -1 4 44 70 0 
5 14 12 
11 12 14 
12 4 2 1 2 -1 0 41 70 0 
13 13 5 
14 4 10 
#tower
0 1 2 1 10 2 70 100 25 1 0
1 13 3 
2 13 13 
3 2 10 
4 14 13 
5 12 13 
6 14 14 
7 13 14 
9 11 13 
10 13 12 
11 12 14 
#map
#players
1 player1 2 1 18 3
2 player2 1 1 14 4
3 player3 1 8 114 1
4 player4 2 1 33 2

round 90
#corps
3 13 2 
5 14 12 
11 12 14 
12 4 2 
13 13 6 2 2 -1 1 44 70 0 
14 4 10 
#tower
0 1 2 
1 13 3 2 10 2 70 100 25 1 0
2 13 13 
3 2 10 
4 14 13 
5 12 13 
6 14 14 
7 13 14 
9 11 13 
10 13 12 
11 12 14 
#map
#players
1 player1 2 1 18 3
2 player2 1 1 14 4
3 player3 1 8 114 1
4 player4 2 1 33 2

round 91
#corps
3 13 2 
5 14 12 
11 12 14 
12 4 2 
13 13 6 
14 4 10 
16 11 13 3 4 0 2 -1 -1 1 
#tower
0 1 2 
1 13 3 
2 13 13 
3 2 10 
4 14 13 3 10 4 20 100 25 1 0
5 12 13 3 10 4 30 100 25 1 0
6 14 14 
7 13 14 
9 11 13 3 10 -1 -1 100 25 1 0
10 13 12 3 10 4 30 100 25 1 0
11 12 14 3 15 4 25 120 27 2 0
#map
#players
1 player1 2 1 18 3
2 player2 1 1 14 4
3 player3 2 8 118 1
4 player4 2 1 33 2

round 92
#corps
3 13 2 
5 14 12 4 2 -1 0 24 38 0 
11 12 14 
12 4 2 
13 13 6 
14 5 10 4 2 -1 2 44 70 0 
16 11 13 
#tower
0 1 2 
1 13 3 
2 13 13 3 10 5 20 77 25 1 0
3 2 10 4 10 2 70 100 25 1 0
4 14 13 
5 12 13 
6 14 14 
7 13 14 
9 11 13 
10 13 12 
11 12 14 
#map
#players
1 player1 2 1 18 3
2 player2 1 1 14 4
3 player3 2 8 118 1
4 player4 2 1 33 2

round 93
#corps
3 13 2 
5 14 12 
11 12 14 
12 5 2 1 2 -1 1 44 70 0 
13 13 6 
14 5 10 
16 11 13 
#tower
0 1 2 1 10 2 60 100 25 1 0
1 13 3 
2 13 13 
3 2 10 
4 14 13 
5 12 13 
6 14 14 
7 13 14 
9 11 13 
10 13 12 
11 12 14 
#map
#players
1 player1 2 1 18 3
2 player2 1 1 14 4
3 player3 2 8 118 1
4 player4 2 1 33 2

round 94
#corps
3 13 2 
5 14 12 
11 12 14 
12 5 2 
13 13 7 2 2 -1 2 44 70 0 
14 5 10 
16 11 13 
#tower
0 1 2 
1 13 3 2 10 2 60 100 25 1 0
2 13 13 
3 2 10 
4 14 13 
5 12 13 
6 14 14 
7 13 14 
9 11 13 
10 13 12 
11 12 14 
#map
#players
1 player1 2 1 18 3
2 player2 1 1 14 4
3 player3 2 8 118 1
4 player4 2 1 33 2

round 95
#corps
3 13 2 
5 14 12 
11 12 14 
12 5 2 
13 13 7 
14 5 10 
#tower
0 1 2 
1 13 3 
2 13 13 
3 2 10 
4 14 13 
5 12 13 
6 14 14 
7 13 14 
9 11 13 3 10 5 10 100 25 1 0
10 13 12 
11 12 14 
12 10 13 3 10 -1 -1 100 25 1 1
#map
5 8 1 3
10 13 0 3
#players
1 player1 2 1 18 3
2 player2 1 1 14 4
3 player3 1 9 124 1
4 player4 2 1 33 2

round 96
#corps
3 13 2 
5 14 12 4 2 -1 0 6 9 0 
11 12 14 
12 5 2 
13 13 7 
14 6 10 4 2 -1 2 44 70 0 
#tower
0 1 2 
1 13 3 
2 13 13 3 10 5 20 63 25 1 0
3 2 10 4 10 2 60 100 25 1 0
4 14 13 
5 12 13 
6 14 14 
7 13 14 
9 11 13 
10 13 12 
11 12 14 
12 10 13 
#map
#players
1 player1 2 1 18 3
2 player2 1 1 14 4
3 player3 1 9 124 1
4 player4 2 1 33 2

round 97
#corps
3 13 2 
5 14 12 
11 12 14 
12 6 2 1 2 -1 3 44 70 0 
13 13 7 
14 6 10 
#tower
0 1 2 1 10 2 50 100 25 1 0
1 13 3 
2 13 13 
3 2 10 
4 14 13 
5 12 13 
6 14 14 
7 13 14 
9 11 13 
10 13 12 
11 12 14 
12 10 13 
#map
#players
1 player1 2 1 18 3
2 player2 1 1 14 4
3 player3 1 9 124 1
4 player4 2 1 33 2

round 98
#corps
3 13 2 
5 14 12 
11 12 14 
12 6 2 
13 13 8 2 2 -1 1 49 70 0 
14 6 10 
#tower
0 1 2 
1 13 3 2 10 2 50 100 25 1 0
2 13 13 
3 2 10 
4 14 13 
5 12 13 
6 14 14 
7 13 14 
9 11 13 
10 13 12 
11 12 14 
12 10 13 
#map
#players
1 player1 2 1 18 3
2 player2 1 1 14 4
3 player3 1 9 124 1
4 player4 2 1 33 2

round 99
#corps
3 13 2 
5 14 12 
11 12 14 
12 6 2 
13 13 8 
14 6 10 
#tower
0 1 2 
1 13 3 
2 13 13 3 10 3 30 63 25 1 0
3 2 10 
4 14 13 
5 12 13 
6 14 14 
7 13 14 
9 11 13 3 15 -1 -1 120 27 2 0
10 13 12 
11 12 14 
12 10 13 3 10 5 30 100 25 1 0
#map
#players
1 player1 2 1 18 3
2 player2 1 1 14 4
3 player3 1 9 134 1
4 player4 2 1 33 2

round 100
#corps
3 13 2 
11 12 14 
12 6 2 
13 13 8 
14 7 10 4 2 -1 2 44 70 0 
#tower
0 1 2 
1 13 3 
2 13 13 3 10 3 30 56 25 1 0
3 2 10 4 10 2 50 100 25 1 0
4 14 13 
5 12 13 
6 14 14 
7 13 14 
9 11 13 
10 13 12 
11 12 14 
12 10 13 
#map
#players
1 player1 2 1 18 3
2 player2 1 1 14 4
3 player3 1 9 134 1
4 player4 1 1 29 2

round 101
#corps
3 13 2 
11 12 14 
12 7 2 1 2 -1 1 49 70 0 
13 13 8 
14 7 10 
#tower
0 1 2 1 10 2 40 100 25 1 0
1 13 3 
2 13 13 
3 2 10 
4 14 13 
5 12 13 
6 14 14 
7 13 14 
9 11 13 
10 13 12 
11 12 14 
12 10 13 
#map
#players
1 player1 2 1 18 3
2 player2 1 1 14 4
3 player3 1 9 134 1
4 player4 1 1 29 2

round 102
#corps
3 13 2 
11 12 14 
12 7 2 
13 13 9 2 2 -1 0 49 70 0 
14 7 10 
#tower
0 1 2 
1 13 3 2 10 2 40 100 25 1 0
2 13 13 
3 2 10 
4 14 13 
5 12 13 
6 14 14 
7 13 14 
9 11 13 
10 13 12 
11 12 14 
12 10 13 
#map
#players
1 player1 2 1 18 3
2 player2 1 1 14 4
3 player3 1 9 134 1
4 player4 1 1 29 2

round 103
#corps
3 13 2 
11 12 14 
12 7 2 
13 13 9 
14 7 10 
#tower
0 1 2 
1 13 3 
2 13 13 3 10 3 20 56 25 1 0
3 2 10 
4 14 13 3 15 -1 -1 120 27 2 0
5 12 13 3 10 5 10 100 25 1 0
6 14 14 3 15 5 50 120 27 2 0
7 13 14 
9 11 13 3 15 5 65 120 27 2 0
10 13 12 3 10 5 30 100 25 1 0
11 12 14 3 15 5 65 120 27 2 0
12 10 13 3 10 5 20 100 25 1 0
#map
#players
1 player1 2 1 18 3
2 player2 1 1 14 4
3 player3 1 9 144 1
4 player4 1 1 29 2

round 104
#corps
3 13 2 
11 12 14 
12 7 2 
13 13 9 
14 8 10 4 2 -1 1 49 70 0 
#tower
0 1 2 
1 13 3 
2 13 13 
3 2 10 4 10 2 40 100 25 1 0
4 14 13 
5 12 13 
6 14 14 
7 13 14 
9 11 13 
10 13 12 
11 12 14 
12 10 13 
#map
#players
1 player1 2 1 18 3
2 player2 1 1 14 4
3 player3 1 9 144 1
4 player4 1 1 29 2

round 105
#corps
3 13 2 
11 12 14 
12 8 2 1 2 -1 1 44 70 0 
13 13 9 
14 8 10 
#tower
0 1 2 1 10 2 30 100 25 1 0
1 13 3 
2 13 13 
3 2 10 
4 14 13 
5 12 13 
6 14 14 
7 13 14 
9 11 13 
10 13 12 
11 12 14 
12 10 13 
#map
#players
1 player1 2 1 18 3
2 player2 1 1 14 4
3 player3 1 9 144 1
4 player4 1 1 29 2

round 106
#corps
3 13 2 
11 12 14 
12 8 2 
13 13 10 2 2 -1 1 44 70 0 
14 8 10 
#tower
0 1 2 
1 13 3 2 10 2 30 100 25 1 0
2 13 13 
3 2 10 
4 14 13 
5 12 13 
6 14 14 
7 13 14 
9 11 13 
10 13 12 
11 12 14 
12 10 13 
#map
#players
1 player1 2 1 18 3
2 player2 1 1 14 4
3 player3 1 9 144 1
4 player4 1 1 29 2

round 107
#corps
3 13 2 
11 12 14 
12 8 2 
13 13 10 
14 8 10 
#tower
0 1 2 
1 13 3 
2 13 13 3 10 3 10 56 25 1 0
3 2 10 
4 14 13 3 15 5 65 120 27 2 0
5 12 13 3 15 -1 -1 120 27 2 0
6 14 14 3 15 5 35 120 27 2 0
7 13 14 
9 11 13 3 15 5 50 120 27 2 0
10 13 12 
11 12 14 3 15 5 50 120 27 2 0
12 10 13 3 10 5 10 100 25 1 0
#map
#players
1 player1 2 1 18 3
2 player2 1 1 14 4
3 player3 1 9 154 1
4 player4 1 1 29 2

round 108
#corps
3 13 2 
11 12 14 
12 8 2 
13 13 10 
14 9 10 4 2 -1 1 44 70 0 
#tower
0 1 2 
1 13 3 
2 13 13 
3 2 10 4 10 2 30 100 25 1 0
4 14 13 
5 12 13 
6 14 14 
7 13 14 
9 11 13 
10 13 12 
11 12 14 
12 10 13 
#map
#players
1 player1 2 1 18 3
2 player2 1 1 14 4
3 player3 1 9 154 1
4 player4 1 1 29 2

round 109
#corps
3 13 2 
11 12 14 
12 9 2 1 2 -1 1 49 70 0 
13 13 10 
14 9 10 
#tower
0 1 2 1 10 2 20 100 25 1 0
1 13 3 
2 13 13 
3 2 10 
4 14 13 
5 12 13 
6 14 14 
7 13 14 
9 11 13 
10 13 12 
11 12 14 
12 10 13 
#map
#players
1 player1 2 1 18 3
2 player2 1 1 14 4
3 player3 1 9 154 1
4 player4 1 1 29 2

round 110
#corps
3 13 2 
11 12 14 
12 9 2 
13 13 11 2 2 -1 0 36 57 0 
14 9 10 
#tower
0 1 2 
1 13 3 2 10 2 20 100 25 1 0
2 13 13 
3 2 10 
4 14 13 
5 12 13 
6 14 14 
7 13 14 
9 11 13 
10 13 12 3 10 5 30 68 25 1 0
11 12 14 
12 10 13 
#map
#players
1 player1 2 1 18 3
2 player2 1 1 14 4
3 player3 1 9 154 1
4 player4 1 1 29 2

round 111
#corps
3 13 2 
11 12 14 
12 9 2 
13 13 11 
14 9 10 
17 13 13 3 3 3 2 -1 -1 1 
#tower
0 1 2 
1 13 3 
2 13 13 3 10 -1 -1 56 25 1 0
3 2 10 
4 14 13 
5 12 13 3 15 -1 -1 120 27 2 0
6 14 14 3 15 5 20 120 27 2 0
7 13 14 
9 11 13 
10 13 12 
11 12 14 3 15 5 35 120 27 2 0
12 10 13 3 15 -1 -1 120 27 2 0
#map
#players
1 player1 2 1 18 3
2 player2 1 1 14 4
3 player3 2 9 168 1
4 player4 1 1 29 2

round 112
#corps
3 13 2 
11 12 14 
12 9 2 
13 13 11 
14 10 10 4 2 -1 2 44 70 0 
17 13 13 
#tower
0 1 2 
1 13 3 
2 13 13 
3 2 10 4 10 2 20 100 25 1 0
4 14 13 
5 12 13 
6 14 14 
7 13 14 
9 11 13 
10 13 12 
11 12 14 
12 10 13 
#map
#players
1 player1 2 1 18 3
2 player2 1 1 14 4
3 player3 2 9 168 1
4 player4 1 1 29 2

round 113
#corps
3 13 2 
11 12 14 
12 10 2 1 2 -1 0 49 70 0 
13 13 11 
14 10 10 
17 13 13 
#tower
0 1 2 1 10 2 10 100 25 1 0
1 13 3 
2 13 13 
3 2 10 
4 14 13 
5 12 13 
6 14 14 
7 13 14 
9 11 13 
10 13 12 
11 12 14 
12 10 13 
#map
#players
1 player1 2 1 18 3
2 player2 1 1 14 4
3 player3 2 9 168 1
4 player4 1 1 29 2

round 114
#corps
3 13 2 
11 12 14 
12 10 2 
13 13 11 2 2 -1 0 25 39 0 
14 10 10 
17 13 13 
#tower
0 1 2 
1 13 3 2 10 2 10 100 25 1 0
2 13 13 
3 2 10 
4 14 13 
5 12 13 
6 14 14 
7 13 14 
9 11 13 
10 13 12 3 10 5 30 45 25 1 0
11 12 14 
12 10 13 
#map
#players
1 player1 2 1 18 3
2 player2 1 1 14 4
3 player3 2 9 168 1
4 player4 1 1 29 2

round 115
#corps
3 13 2 
11 12 14 
12 10 2 
13 13 11 
14 10 10 
17 13 13 
#tower
0 1 2 
1 13 3 
2 13 13 3 10 -1 -1 56 25 1 0
3 2 10 
4 14 13 
5 12 13 3 15 -1 -1 120 27 2 0
6 14 14 3 15 5 5 120 27 2 0
7 13 14 
9 11 13 
10 13 12 3 10 3 30 45 25 1 0
11 12 14 3 15 5 20 120 27 2 0
12 10 13 3 15 5 65 120 27 2 0
#map
#players
1 player1 2 1 18 3
2 player2 1 1 14 4
3 player3 2 9 168 1
4 player4 1 1 29 2

round 116
#corps
3 13 2 
11 12 14 
12 10 2 
13 13 11 
14 11 10 4 2 -1 2 44 70 0 
17 13 13 
#tower
0 1 2 
1 13 3 
2 13 13 
3 2 10 4 10 2 10 100 25 1 0
4 14 13 
5 12 13 
6 14 14 
7 13 14 
9 11 13 
10 13 12 
11 12 14 
12 10 13 
#map
#players
1 player1 2 1 18 3
2 player2 1 1 14 4
3 player3 2 9 168 1
4 player4 1 1 29 2

round 117
#corps
3 13 2 
11 12 14 
12 11 2 1 2 -1 1 44 70 0 
13 13 11 
14 11 10 
17 13 13 
18 1 2 1 2 -1 4 44 70 1 
#tower
0 1 2 1 10 -1 -1 100 25 1 0
1 13 3 
2 13 13 
3 2 10 
4 14 13 
5 12 13 
6 14 14 
7 13 14 
9 11 13 
10 13 12 
11 12 14 
12 10 13 
#map
#players
1 player1 3 1 22 3
2 player2 1 1 14 4
3 player3 2 9 168 1
4 player4 1 1 29 2

round 118
#corps
3 13 2 
11 12 14 
12 11 2 
13 13 11 2 2 -1 0 7 11 0 
14 11 10 
17 13 13 
18 1 2 
19 13 3 2 2 -1 4 44 70 1 
#tower
0 1 2 
1 13 3 2 10 -1 -1 100 25 1 0
2 13 13 
3 2 10 
4 14 13 
5 12 13 
6 14 14 
7 13 14 
9 11 13 
10 13 12 3 10 3 30 30 25 1 0
11 12 14 
12 10 13 
#map
#players
1 player1 3 1 22 3
2 player2 2 1 18 4
3 player3 2 9 168 1
4 player4 1 1 29 2

round 119
#corps
3 13 2 
11 12 14 
12 11 2 
13 13 11 
14 11 10 
17 13 13 
18 1 2 
19 13 3 
#tower
0 1 2 
1 13 3 
2 13 13 3 10 -1 -1 56 25 1 0
3 2 10 
4 14 13 
5 12 13 3 15 -1 -1 120 27 2 0
6 14 14 3 20 -1 -1 140 29 3 0
7 13 14 
9 11 13 
10 13 12 3 10 3 20 30 25 1 0
11 12 14 3 15 5 5 120 27 2 0
12 10 13 3 15 5 50 120 27 2 0
#map
#players
1 player1 3 1 22 3
2 player2 2 1 18 4
3 player3 2 9 178 1
4 player4 1 1 29 2

round 120
#corps
3 13 2 
11 12 14 
12 11 2 
13 13 11 
14 12 10 4 2 -1 3 44 70 0 
17 13 13 
18 1 2 
19 13 3 
20 2 10 4 2 -1 4 44 70 1 
#tower
0 1 2 
1 13 3 
2 13 13 
3 2 10 4 10 -1 -1 100 25 1 0
4 14 13 
5 12 13 
6 14 14 
7 13 14 
9 11 13 
10 13 12 
11 12 14 
12 10 13 
#map
#players
1 player1 3 1 22 3
2 player2 2 1 18 4
3 player3 2 9 178 1
4 player4 2 1 33 2

round 121
#corps
3 13 2 
11 12 14 
12 12 2 1 2 -1 2 44 70 0 
13 13 11 
14 12 10 
17 13 13 
18 2 2 1 2 -1 3 44 70 0 
19 13 3 
20 2 10 
#tower
0 1 2 1 10 2 90 100 25 1 0
1 13 3 
2 13 13 
3 2 10 
4 14 13 
5 12 13 
6 14 14 
7 13 14 
9 11 13 
10 13 12 
11 12 14 
12 10 13 
#map
#players
1 player1 3 1 22 3
2 player2 2 1 18 4
3 player3 2 9 178 1
4 player4 2 1 33 2

round 122
#corps
3 13 2 
11 12 14 
12 12 2 
14 12 10 
17 13 13 
18 2 2 
19 13 4 2 2 -1 3 44 70 0 
20 2 10 
#tower
0 1 2 
1 13 3 2 10 2 90 100 25 1 0
2 13 13 
3 2 10 
4 14 13 
5 12 13 
6 14 14 
7 13 14 
9 11 13 
10 13 12 3 10 3 20 23 25 1 0
11 12 14 
12 10 13 
#map
#players
1 player1 3 1 22 3
2 player2 1 1 14 4
3 player3 2 9 178 1
4 player4 2 1 33 2

round 123
#corps
3 13 2 
11 12 14 
12 12 2 
14 12 10 
17 13 13 
18 2 2 
19 13 4 
20 2 10 
#tower
0 1 2 
1 13 3 
2 13 13 3 10 -1 -1 56 25 1 0
3 2 10 
4 14 13 3 15 5 50 120 27 2 0
5 12 13 3 15 5 65 120 27 2 0
6 14 14 3 20 5 100 140 29 3 0
7 13 14 
9 11 13 3 15 5 35 120 27 2 0
10 13 12 3 10 3 10 23 25 1 0
11 12 14 3 20 -1 -1 140 29 3 0
12 10 13 3 15 5 35 120 27 2 0
#map
#players
1 player1 3 1 22 3
2 player2 1 1 14 4
3 player3 2 9 188 1
4 player4 2 1 33 2

round 124
#corps
3 13 2 
11 12 14 
12 12 2 
14 13 10 4 2 -1 3 44 70 0 
17 13 13 
18 2 2 
19 13 4 
20 3 10 4 2 -1 3 44 70 0 
#tower
0 1 2 
1 13 3 
2 13 13 
3 2 10 4 10 2 90 100 25 1 0
4 14 13 
5 12 13 
6 14 14 
7 13 14 
9 11 13 
10 13 12 
11 12 14 
12 10 13 
#map
#players
1 player1 3 1 22 3
2 player2 1 1 14 4
3 player3 2 9 188 1
4 player4 2 1 33 2

round 125
#corps
3 13 2 
11 12 14 
12 12 2 1 2 -1 4 44 70 0 
14 13 10 
17 13 13 
18 3 2 1 2 -1 1 41 70 0 
19 13 4 
20 3 10 
#tower
0 1 2 1 10 2 80 100 25 1 0
1 13 3 
2 13 13 
3 2 10 
4 14 13 
5 12 13 
6 14 14 
7 13 14 
9 11 13 
10 13 12 
11 12 14 
12 10 13 
#map
#players
1 player1 3 1 22 3
2 player2 1 1 14 4
3 player3 2 9 188 1
4 player4 2 1 33 2

round 126
#corps
3 13 2 
11 12 14 
12 12 2 
14 13 10 
17 13 13 
18 3 2 
19 13 5 2 2 -1 1 49 70 0 
20 3 10 
#tower
0 1 2 
1 13 3 2 10 2 80 100 25 1 0
2 13 13 
3 2 10 
4 14 13 
5 12 13 
6 14 14 
7 13 14 
9 11 13 
10 13 12 
11 12 14 
12 10 13 
#map
#players
1 player1 3 1 22 3
2 player2 1 1 14 4
3 player3 2 9 188 1
4 player4 2 1 33 2

round 127
#corps
3 13 2 
11 12 14 
12 12 2 
14 13 10 
17 13 13 
18 3 2 
19 13 5 
20 3 10 
21 13 12 3 3 3 2 -1 -1 1 
#tower
0 1 2 
1 13 3 
2 13 13 3 10 -1 -1 56 25 1 0
3 2 10 
4 14 13 3 15 5 35 120 27 2 0
5 12 13 3 15 5 50 120 27 2 0
6 14 14 3 20 5 80 140 29 3 0
7 13 14 
9 11 13 3 15 5 20 120 27 2 0
10 13 12 3 10 -1 -1 23 25 1 0
11 12 14 3 20 5 100 140 29 3 0
12 10 13 3 15 5 20 120 27 2 0
#map
#players
1 player1 3 1 22 3
2 player2 1 1 14 4
3 player3 3 9 192 1
4 player4 2 1 33 2

round 128
#corps
3 13 2 
11 12 14 
12 12 2 
14 13 12 4 2 -1 0 36 56 0 
17 13 13 
18 3 2 
19 13 5 
20 4 10 4 2 -1 2 44 70 0 
#tower
0 1 2 
1 13 3 
2 13 13 
3 2 10 4 10 2 80 100 25 1 0
4 14 13 
5 12 13 
6 14 14 
7 13 14 
9 11 13 
11 12 14 
12 10 13 
#map
8 7 2 0
9 7 2 0
10 7 2 0
11 7 5 0
12 7 3 0
13 7 5 0
14 7 1 0
13 12 5 3
#players
1 player1 3 1 22 3
2 player2 1 1 14 4
3 player3 2 8 178 1
4 player4 2 1 48 2

round 129
#corps
3 13 2 
11 12 14 
12 12 2 
14 13 12 
17 13 13 
18 4 2 1 2 -1 0 41 70 0 
19 13 5 
20 4 10 
#tower
0 1 2 1 10 2 70 100 25 1 0
1 13 3 
2 13 13 
3 2 10 
4 14 13 
5 12 13 
6 14 14 
7 13 14 
9 11 13 
11 12 14 
12 10 13 
#map
#players
1 player1 3 1 22 3
2 player2 1 1 14 4
3 player3 2 8 178 1
4 player4 2 1 48 2

round 130
#corps
3 13 2 
11 12 14 
12 12 2 
14 13 12 
17 13 13 
18 4 2 
19 13 6 2 2 -1 1 44 70 0 
20 4 10 
#tower
0 1 2 
1 13 3 2 10 2 70 100 25 1 0
2 13 13 
3 2 10 
4 14 13 
5 12 13 
6 14 14 
7 13 14 
9 11 13 
11 12 14 
12 10 13 
#map
#players
1 player1 3 1 22 3
2 player2 1 1 14 4
3 player3 2 8 178 1
4 player4 2 1 48 2

round 131
#corps
3 13 2 
11 12 14 
12 12 2 
14 13 12 
17 13 13 3 3 2 0 -1 -1 0 
18 4 2 
19 13 6 
20 4 10 
#tower
0 1 2 
1 13 3 
2 13 13 3 10 3 30 89 25 1 0
3 2 10 
4 14 13 3 15 4 5 120 27 2 0
5 12 13 3 15 4 15 120 27 2 0
6 14 14 
7 13 14 
9 11 13 3 15 4 25 120 27 2 0
11 12 14 3 20 4 5 140 29 3 0
12 10 13 3 15 4 25 120 27 2 0
#map
#players
1 player1 3 1 22 3
2 player2 1 1 14 4
3 player3 2 8 178 1
4 player4 2 1 48 2

round 132
#corps
3 13 2 
11 12 14 
12 12 2 
14 13 12 4 2 -1 0 24 37 0 
17 13 13 
18 4 2 
19 13 6 
20 5 10 4 2 -1 2 44 70 0 
#tower
0 1 2 
1 13 3 
2 13 13 3 10 3 30 68 25 1 0
3 2 10 4 10 2 70 100 25 1 0
4 14 13 
5 12 13 
6 14 14 
7 13 14 
9 11 13 
11 12 14 
12 10 13 
#map
#players
1 player1 3 1 22 3
2 player2 1 1 14 4
3 player3 2 8 178 1
4 player4 2 1 48 2

round 133
#corps
3 13 2 
11 12 14 
12 12 2 
14 13 12 
17 13 13 
18 5 2 1 2 -1 1 44 70 0 
19 13 6 
20 5 10 
#tower
0 1 2 1 10 2 60 100 25 1 0
1 13 3 
2 13 13 
3 2 10 
4 14 13 
5 12 13 
6 14 14 
7 13 14 
9 11 13 
11 12 14 
12 10 13 
#map
#players
1 player1 3 1 22 3
2 player2 1 1 14 4
3 player3 2 8 178 1
4 player4 2 1 48 2

round 134
#corps
3 13 2 
11 12 14 
12 12 2 
14 13 12 
17 13 13 
18 5 2 
19 13 7 2 2 -1 2 44 70 0 
20 5 10 
#tower
0 1 2 
1 13 3 2 10 2 60 100 25 1 0
2 13 13 
3 2 10 
4 14 13 
5 12 13 
6 14 14 
7 13 14 
9 11 13 
11 12 14 
12 10 13 
#map
#players
1 player1 3 1 22 3
2 player2 1 1 14 4
3 player3 2 8 178 1
4 player4 2 1 48 2

round 135
#corps
3 13 2 
11 12 14 
12 12 2 
14 13 12 
17 13 13 3 3 2 2 -1 -1 0 
18 5 2 
19 13 7 
20 5 10 
22 14 13 3 4 0 2 -1 -1 1 
23 12 13 3 4 0 2 -1 -1 1 
24 12 14 3 4 0 2 -1 -1 1 
#tower
0 1 2 
1 13 3 
2 13 13 3 10 4 20 68 25 1 0
3 2 10 
4 14 13 3 10 -1 -1 100 25 1 0
5 12 13 3 10 -1 -1 100 25 1 0
6 14 14 
7 13 14 
9 11 13 3 15 4 10 120 27 2 0
11 12 14 3 15 -1 -1 120 27 2 0
12 10 13 3 15 4 10 120 27 2 0
#map
#players
1 player1 3 1 22 3
2 player2 1 1 14 4
3 player3 5 8 160 1
4 player4 2 1 