round 0
#corps
#tower
0 4 4 1 10 -1 -1 100 25 0 1 1
1 10 2 2 10 -1 -1 100 25 0 1 1
2 13 11 3 10 -1 -1 100 25 0 1 1
3 3 11 4 10 -1 -1 100 25 0 1 1
#map
0 0 1 1
1 0 2 1
2 0 1 1
3 0 1 1
4 0 3 1
5 0 5 1
6 0 1 0
7 0 2 0
8 0 1 0
9 0 1 2
10 0 2 2
11 0 1 2
12 0 1 2
13 0 1 2
14 0 1 2
0 1 2 1
1 1 2 1
2 1 2 1
3 1 2 1
4 1 5 1
5 1 1 1
6 1 1 0
7 1 1 0
8 1 1 0
9 1 5 2
10 1 5 2
11 1 5 2
12 1 5 2
13 1 5 2
14 1 2 2
0 2 5 1
1 2 2 1
2 2 2 1
3 2 5 1
4 2 1 1
5 2 2 1
6 2 1 0
7 2 1 0
8 2 1 0
9 2 5 2
10 2 0 2
11 2 5 2
12 2 5 2
13 2 5 2
14 2 3 2
0 3 2 1
1 3 1 1
2 3 5 1
3 3 5 1
4 3 5 1
5 3 5 1
6 3 5 0
7 3 1 0
8 3 1 0
9 3 5 2
10 3 5 2
11 3 5 2
12 3 2 2
13 3 5 2
14 3 5 2
0 4 5 1
1 4 5 1
2 4 1 1
3 4 5 1
4 4 0 1
5 4 5 1
6 4 5 0
7 4 5 0
8 4 1 0
9 4 1 2
10 4 1 2
11 4 1 2
12 4 1 2
13 4 5 2
14 4 5 2
0 5 5 1
1 5 2 1
2 5 2 1
3 5 5 1
4 5 5 1
5 5 5 1
6 5 5 0
7 5 5 0
8 5 5 0
9 5 2 2
10 5 1 2
11 5 1 2
12 5 1 2
13 5 2 2
14 5 1 2
0 6 1 0
1 6 2 0
2 6 1 0
3 6 1 0
4 6 5 0
5 6 5 0
6 6 5 0
7 6 3 0
8 6 3 0
9 6 5 0
10 6 5 0
11 6 3 0
12 6 4 0
13 6 2 0
14 6 1 0
0 7 1 0
1 7 1 0
2 7 1 0
3 7 1 0
4 7 5 0
5 7 5 0
6 7 1 0
7 7 3 0
8 7 1 0
9 7 1 0
10 7 1 0
11 7 2 0
12 7 2 0
13 7 5 0
14 7 5 0
0 8 1 0
1 8 1 0
2 8 1 0
3 8 1 0
4 8 5 0
5 8 5 0
6 8 1 0
7 8 2 0
8 8 5 0
9 8 1 0
10 8 1 0
11 8 1 0
12 8 1 0
13 8 5 0
14 8 5 0
0 9 1 4
1 9 1 4
2 9 1 4
3 9 5 4
4 9 5 4
5 9 1 4
6 9 3 0
7 9 4 0
8 9 5 0
9 9 1 3
10 9 1 3
11 9 1 3
12 9 1 3
13 9 5 3
14 9 5 3
0 10 5 4
1 10 1 4
2 10 5 4
3 10 5 4
4 10 5 4
5 10 5 4
6 10 1 0
7 10 1 0
8 10 2 0
9 10 5 3
10 10 1 3
11 10 1 3
12 10 5 3
13 10 5 3
14 10 5 3
0 11 1 4
1 11 1 4
2 11 5 4
3 11 0 4
4 11 5 4
5 11 5 4
6 11 2 0
7 11 3 0
8 11 1 0
9 11 5 3
10 11 1 3
11 11 1 3
12 11 5 3
13 11 0 3
14 11 5 3
0 12 2 4
1 12 1 4
2 12 5 4
3 12 5 4
4 12 5 4
5 12 2 4
6 12 5 0
7 12 1 0
8 12 5 0
9 12 5 3
10 12 1 3
11 12 1 3
12 12 5 3
13 12 5 3
14 12 5 3
0 13 5 4
1 13 5 4
2 13 1 4
3 13 5 4
4 13 2 4
5 13 3 4
6 13 1 0
7 13 1 0
8 13 1 0
9 13 2 3
10 13 5 3
11 13 1 3
12 13 1 3
13 13 1 3
14 13 1 3
0 14 2 4
1 14 1 4
2 14 5 4
3 14 3 4
4 14 1 4
5 14 3 4
6 14 1 0
7 14 1 0
8 14 1 0
9 14 1 3
10 14 4 3
11 14 5 3
12 14 1 3
13 14 5 3
14 14 2 3
#players
1 player1 0 1 10 1
2 player2 0 1 10 2
3 player3 0 1 10 3
4 player4 0 1 10 4
round 1
#corps
#tower
0 4 4 1 10 1 50 100 25 1 0
1 10 2
2 13 11
3 3 11
#map
#players
1 player1 0 1 10 3
2 player2 0 1 10 1
3 player3 0 1 10 2
4 player4 0 1 10 4
round 2
#corps
#tower
0 4 4
1 10 2 2 10 1 50 100 25 1 0
2 13 11
3 3 11
#map
#players
1 player1 0 1 10 2
2 player2 0 1 10 4
3 player3 0 1 10 1
4 player4 0 1 10 3
round 3
#corps
#tower
0 4 4
1 10 2
2 13 11 3 10 1 50 100 25 1 0
3 3 11
#map
#players
1 player1 0 1 10 4
2 player2 0 1 10 2
3 player3 0 1 10 1
4 player4 0 1 10 3
round 4
#corps
#tower
0 4 4
1 10 2
2 13 11
3 3 11 4 10 1 50 100 25 1 0
#map
#players
1 player1 0 1 10 4
2 player2 0 1 10 2
3 player3 0 1 10 3
4 player4 0 1 10 1
round 5
#corps
#tower
0 4 4 1 10 1 40 100 25 1 0
1 10 2
2 13 11
3 3 11
#map
#players
1 player1 0 1 10 3
2 player2 0 1 10 4
3 player3 0 1 10 2
4 player4 0 1 10 1
round 6
#corps
#tower
0 4 4
1 10 2 2 10 1 40 100 25 1 0
2 13 11
3 3 11
#map
#players
1 player1 0 1 10 3
2 player2 0 1 10 2
3 player3 0 1 10 1
4 player4 0 1 10 4
round 7
#corps
#tower
0 4 4
1 10 2
2 13 11 3 10 1 40 100 25 1 0
3 3 11
#map
#players
1 player1 0 1 10 3
2 player2 0 1 10 2
3 player3 0 1 10 1
4 player4 0 1 10 4
round 8
#corps
#tower
0 4 4
1 10 2
2 13 11
3 3 11 4 10 1 40 100 25 1 0
#map
#players
1 player1 0 1 10 4
2 player2 0 1 10 2
3 player3 0 1 10 3
4 player4 0 1 10 1
round 9
#corps
#tower
0 4 4 1 10 1 30 100 25 1 0
1 10 2
2 13 11
3 3 11
#map
#players
1 player1 0 1 10 3
2 player2 0 1 10 4
3 player3 0 1 10 1
4 player4 0 1 10 2
round 10
#corps
#tower
0 4 4
1 10 2 2 10 1 30 100 25 1 0
2 13 11
3 3 11
#map
#players
1 player1 0 1 10 4
2 player2 0 1 10 3
3 player3 0 1 10 2
4 player4 0 1 10 1
round 11
#corps
#tower
0 4 4
1 10 2
2 13 11 3 10 1 30 100 25 1 0
3 3 11
#map
#players
1 player1 0 1 10 1
2 player2 0 1 10 2
3 player3 0 1 10 4
4 player4 0 1 10 3
round 12
#corps
#tower
0 4 4
1 10 2
2 13 11
3 3 11 4 10 1 30 100 25 1 0
#map
#players
1 player1 0 1 10 1
2 player2 0 1 10 4
3 player3 0 1 10 2
4 player4 0 1 10 3
round 13
#corps
#tower
0 4 4 1 15 1 15 120 27 2 0
1 10 2
2 13 11
3 3 11
#map
#players
1 player1 0 1 20 1
2 player2 0 1 10 3
3 player3 0 1 10 4
4 player4 0 1 10 2
round 14
#corps
#tower
0 4 4
1 10 2 2 15 1 15 120 27 2 0
2 13 11
3 3 11
#map
#players
1 player1 0 1 20 1
2 player2 0 1 20 2
3 player3 0 1 10 3
4 player4 0 1 10 4
round 15
#corps
#tower
0 4 4
1 10 2
2 13 11 3 15 1 15 120 27 2 0
3 3 11
#map
#players
1 player1 0 1 20 3
2 player2 0 1 20 2
3 player3 0 1 20 1
4 player4 0 1 10 4
round 16
#corps
#tower
0 4 4
1 10 2
2 13 11
3 3 11 4 15 1 15 120 27 2 0
#map
#players
1 player1 0 1 20 3
2 player2 0 1 20 1
3 player3 0 1 20 2
4 player4 0 1 20 4
round 17
#corps
#tower
0 4 4 1 15 -1 -1 120 27 2 0
1 10 2
2 13 11
3 3 11
#map
#players
1 player1 0 1 20 3
2 player2 0 1 20 4
3 player3 0 1 20 2
4 player4 0 1 20 1
round 18
#corps
#tower
0 4 4
1 10 2 2 15 -1 -1 120 27 2 0
2 13 11
3 3 11
#map
#players
1 player1 0 1 20 4
2 player2 0 1 20 3
3 player3 0 1 20 2
4 player4 0 1 20 1
round 19
#corps
#tower
0 4 4
1 10 2
2 13 11 3 15 -1 -1 120 27 2 0
3 3 11
#map
#players
1 player1 0 1 20 2
2 player2 0 1 20 4
3 player3 0 1 20 1
4 player4 0 1 20 3
round 20
#corps
#tower
0 4 4
1 10 2
2 13 11
3 3 11 4 15 -1 -1 120 27 2 0
#map
#players
1 player1 0 1 20 3
2 player2 0 1 20 2
3 player3 0 1 20 1
4 player4 0 1 20 4
round 21
#corps
0 5 3 1 1 -1 0 30 50 0 1
#tower
0 4 4 1 15 3 25 120 27 2 0
1 10 2
2 13 11
3 3 11
#map
#players
1 player1 1 1 22 1
2 player2 0 1 20 2
3 player3 0 1 20 3
4 player4 0 1 20 4
round 22
#corps
0 5 3
1 11 1 2 1 -1 0 30 50 0 1
#tower
0 4 4
1 10 2 2 15 3 25 120 27 2 0
2 13 11
3 3 11
#map
#players
1 player1 1 1 22 1
2 player2 1 1 22 2
3 player3 0 1 20 4
4 player4 0 1 20 3
round 23
#corps
0 5 3
1 11 1
2 13 9 3 1 -1 0 30 50 0 1
#tower
0 4 4
1 10 2
2 13 11 3 15 4 25 120 27 2 0
3 3 11
#map
#players
1 player1 1 1 22 3
2 player2 1 1 22 2
3 player3 1 1 22 1
4 player4 0 1 20 4
round 24
#corps
0 5 3
1 11 1
2 13 9
3 3 9 4 1 -1 0 30 50 0 1
#tower
0 4 4
1 10 2
2 13 11
3 3 11 4 15 4 25 120 27 2 0
#map
#players
1 player1 1 1 22 2
2 player2 1 1 22 4
3 player3 1 1 22 3
4 player4 1 1 22 1
round 25
#corps
0 6 3 1 1 -1 1 30 50 0 0
1 11 1
2 13 9
3 3 9
#tower
0 4 4 1 15 3 10 120 27 2 0
1 10 2
2 13 11
3 3 11
#map
#players
1 player1 1 1 22 2
2 player2 1 1 22 1
3 player3 1 1 22 3
4 player4 1 1 22 4
round 26
#corps
0 6 3
1 11 0 2 1 -1 0 30 50 0 0
2 13 9
3 3 9
#tower
0 4 4
1 10 2 2 15 3 10 120 27 2 0
2 13 11
3 3 11
#map
#players
1 player1 1 1 22 2
2 player2 1 1 22 4
3 player3 1 1 22 1
4 player4 1 1 22 3
round 27
#corps
0 6 3
1 11 0
2 13 7 3 1 -1 0 30 50 0 0
3 3 9
#tower
0 4 4
1 10 2
2 13 11 3 15 4 10 120 27 2 0
3 3 11
#map
#players
1 player1 1 1 22 4
2 player2 1 1 22 2
3 player3 1 1 22 3
4 player4 1 1 22 1
round 28
#corps
0 6 3
1 11 0
2 13 7
3 3 8 4 1 -1 0 30 50 0 0
#tower
0 4 4
1 10 2
2 13 11
3 3 11 4 15 4 10 120 27 2 0
#map
#players
1 player1 1 1 22 4
2 player2 1 1 22 3
3 player3 1 1 22 2
4 player4 1 1 22 1
round 29
#corps
0 6 2 1 1 -1 0 30 50 0 0
1 11 0
2 13 7
3 3 8
#tower
0 4 4 1 20 -1 -1 140 29 3 0
1 10 2
2 13 11
3 3 11
#map
#players
1 player1 1 1 32 1
2 player2 1 1 22 3
3 player3 1 1 22 2
4 player4 1 1 22 4
round 30
#corps
0 6 2
1 12 0 2 1 -1 0 30 50 0 0
2 13 7
3 3 8
#tower
0 4 4
1 10 2 2 20 -1 -1 140 29 3 0
2 13 11
3 3 11
#map
#players
1 player1 1 1 32 1
2 player2 1 1 32 2
3 player3 1 1 22 3
4 player4 1 1 22 4
round 31
#corps
0 6 2
1 12 0
2 14 7 3 1 -1 1 30 50 0 0
3 3 8
#tower
0 4 4
1 10 2
2 13 11 3 20 -1 -1 140 29 3 0
3 3 11
#map
#players
1 player1 1 1 32 2
2 player2 1 1 32 3
3 player3 1 1 32 1
4 player4 1 1 22 4
round 32
#corps
0 6 2
1 12 0
2 14 7
3 3 7 4 1 -1 0 30 50 0 0
#tower
0 4 4
1 10 2
2 13 11
3 3 11 4 20 -1 -1 140 29 3 0
#map
#players
1 player1 1 1 32 3
2 player2 1 1 32 1
3 player3 1 1 32 2
4 player4 1 1 32 4
round 33
#corps
0 6 1 1 1 -1 0 30 50 0 0
1 12 0
2 14 7
3 3 7
4 4 3 1 3 3 1 -1 -1 0 1
#tower
0 4 4 1 20 -1 -1 140 29 3 0
1 10 2
2 13 11
3 3 11
#map
#players
1 player1 2 1 36 1
2 player2 1 1 32 3
3 player3 1 1 32 4
4 player4 1 1 32 2
round 34
#corps
0 6 1
1 13 0 2 1 -1 0 30 50 0 0
2 14 7
3 3 7
4 4 3
5 11 1 2 3 3 0 -1 -1 0 1
#tower
0 4 4
1 10 2 2 20 -1 -1 140 29 3 0
2 13 11
3 3 11
#map
#players
1 player1 2 1 36 1
2 player2 2 1 36 2
3 player3 1 1 32 4
4 player4 1 1 32 3
round 35
#corps
0 6 1
1 13 0
2 14 6 3 1 -1 0 30 50 0 0
3 3 7
4 4 3
5 11 1
6 14 10 3 4 3 0 -1 -1 0 1
#tower
0 4 4
1 10 2
2 13 11 3 15 -1 -1 120 27 2 0
3 3 11
#map
#players
1 player1 2 1 36 1
2 player2 2 1 36 2
3 player3 2 1 26 4
4 player4 1 1 32 3
round 36
#corps
0 6 1
1 13 0
2 14 6
3 3 6 4 1 -1 0 30 50 0 0
4 4 3
5 11 1
6 14 10
7 3 9 4 4 3 0 -1 -1 0 1
#tower
0 4 4
1 10 2
2 13 11
3 3 11 4 15 -1 -1 120 27 2 0
#map
#players
1 player1 2 1 36 1
2 player2 2 1 36 2
3 player3 2 1 26 3
4 player4 2 1 26 4
round 37
#corps
0 6 0 1 1 -1 0 30 50 0 0
1 13 0
2 14 6
3 3 6
4 4 2 1 3 3 0 -1 -1 0 0
5 11 1
6 14 10
7 3 9
#tower
0 4 4 1 20 -1 -1 140 29 3 0
1 10 2
2 13 11
3 3 11
#map
#players
1 player1 2 1 36 1
2 player2 2 1 36 2
3 player3 2 1 26 4
4 player4 2 1 26 3
round 38
#corps
0 6 0
1 14 0 2 1 -1 0 30 50 0 0
2 14 6
3 3 6
4 4 2
5 11 0 2 3 3 0 -1 -1 0 0
6 14 10
7 3 9
#tower
0 4 4
1 10 2 2 20 -1 -1 140 29 3 0
2 13 11
3 3 11
#map
#players
1 player1 2 1 36 2
2 player2 2 1 36 1
3 player3 2 1 26 4
4 player4 2 1 26 3
round 39
#corps
0 6 0
1 14 0
2 14 5 3 1 -1 0 30 50 0 0
3 3 6
4 4 2
5 11 0
6 14 8 3 4 3 0 -1 -1 0 0
7 3 9
#tower
0 4 4
1 10 2
2 13 11 3 15 -1 -1 120 27 2 0
3 3 11
#map
#players
1 player1 2 1 36 1
2 player2 2 1 36 2
3 player3 2 1 26 3
4 player4 2 1 26 4
round 40
#corps
0 6 0
1 14 0
2 14 5
3 3 5 4 1 -1 0 30 50 0 0
4 4 2
5 11 0
6 14 8
7 3 8 4 4 3 0 -1 -1 0 0
#tower
0 4 4
1 10 2
2 13 11
3 3 11 4 15 -1 -1 120 27 2 0
#map
#players
1 player1 2 1 36 2
2 player2 2 1 36 1
3 player3 2 1 26 3
4 player4 2 1 26 4
round 41
#corps
0 6 0 1 1 -1 2 30 50 0 0
1 14 0
2 14 5
3 3 5
4 4 2 1 3 3 2 -1 -1 0 0
5 11 0
6 14 8
7 3 8
#tower
0 4 4 1 20 -1 -1 140 29 3 0
1 10 2
2 13 11
3 3 11
#map
#players
1 player1 2 1 36 1
2 player2 2 1 36 2
3 player3 2 1 26 3
4 player4 2 1 26 4
round 42
#corps
0 6 0
1 14 0 2 1 -1 2 30 50 0 0
2 14 5
3 3 5
4 4 2
5 11 0 2 3 3 2 -1 -1 0 0
6 14 8
7 3 8
#tower
0 4 4
1 10 2 2 20 -1 -1 140 29 3 0
2 13 11
3 3 11
#map
#players
1 player1 2 1 36 1
2 player2 2 1 36 2
3 player3 2 1 26 4
4 player4 2 1 26 3
round 43
#corps
0 6 0
1 14 0
2 14 5 3 1 -1 2 30 50 0 0
3 3 5
4 4 2
5 11 0
6 13 8 3 4 3 1 -1 -1 0 0
7 3 8
#tower
0 4 4
1 10 2
2 13 11 3 15 -1 -1 120 27 2 0
3 3 11
#map
#players
1 player1 2 1 36 2
2 player2 2 1 36 1
3 player3 2 1 26 4
4 player4 2 1 26 3
round 44
#corps
0 6 0
1 14 0
2 14 5
3 3 5 4 1 -1 2 30 50 0 0
4 4 2
5 11 0
6 13 8
7 3 8 4 4 3 2 -1 -1 0 0
#tower
0 4 4
1 10 2
2 13 11
3 3 11 4 15 -1 -1 120 27 2 0
#map
#players
1 player1 2 1 36 1
2 player2 2 1 36 2
3 player3 2 1 26 3
4 player4 2 1 26 4
round 45
#corps
0 6 0
1 14 0
2 14 5
3 3 5
4 4 2
5 11 0
6 13 8
7 3 8
#tower
0 4 4 1 20 2 80 140 29 3 0
1 10 2
2 13 11
3 3 11
#map
#players
1 player1 2 1 36 1
2 player2 2 1 36 2
3 player3 2 1 26 4
4 player4 2 1 26 3
round 46
#corps
0 6 0
1 14 0
2 14 5
3 3 5
4 4 2
5 11 0
6 13 8
7 3 8
#tower
0 4 4
1 10 2 2 20 2 80 140 29 3 0
2 13 11
3 3 11
#map
#players
1 player1 2 1 36 1
2 player2 2 1 36 2
3 player3 2 1 26 3
4 player4 2 1 26 4
round 47
#corps
0 6 0
1 14 0
2 14 5
3 3 5
4 4 2
5 11 0
6 12 8 3 4 3 0 -1 -1 0 0
7 3 8
#tower
0 4 4
1 10 2
2 13 11 3 20 2 80 140 29 3 0
3 3 11
#map
#players
1 player1 2 1 36 3
2 player2 2 1 36 2
3 player3 2 1 36 1
4 player4 2 1 26 4
round 48
#corps
0 6 0
1 14 0
2 14 5
3 3 5
4 4 2
5 11 0
6 12 8
7 3 8
#tower
0 4 4
1 10 2
2 13 11
3 3 11 4 20 2 80 140 29 3 0
#map
#players
1 player1 2 1 36 4
2 player2 2 1 36 2
3 player3 2 1 36 1
4 player4 2 1 36 3
round 49
#corps
0 6 0
1 14 0
2 14 5
3 3 5
4 4 2 1 3 2 2 -1 -1 0 0
5 11 0
6 12 8
7 3 8
#tower
0 4 4 1 25 2 55 160 32 4 0
1 10 2
2 13 11
3 3 11
#map
2020788784 2020788864 2020788944 2020789024
#players
1 player1 2 1 46 1
2 player2 2 1 36 2
3 player3 2 1 36 3
4 player4 2 1 36 4
round 50
#corps
0 6 0
1 14 0
2 14 5
3 3 5
4 4 2
5 11 0
6 12 8
7 3 8
#tower
0 4 4
1 10 2 2 25 2 55 160 32 4 0
2 13 11
3 3 11
#map
#players
1 player1 2 1 46 1
2 player2 2 1 46 2
3 player3 2 1 36 4
4 player4 2 1 36 3
round 51
#corps
0 6 0
1 14 0
2 14 5
3 3 5
4 4 2
5 11 0
6 11 8 3 4 3 0 -1 -1 0 0
7 3 8
#tower
0 4 4
1 10 2
2 13 11 3 20 2 60 140 29 3 0
3 3 11
#map
#players
1 player1 2 1 46 2
2 player2 2 1 46 1
3 player3 2 1 36 3
4 player4 2 1 36 4
round 52
#corps
0 6 0
1 14 0
2 14 5
3 3 5
4 4 2
5 11 0
6 11 8
7 3 8
#tower
0 4 4
1 10 2
2 13 11
3 3 11 4 20 2 60 140 29 3 0
#map
#players
1 player1 2 1 46 2
2 player2 2 1 46 1
3 player3 2 1 36 4
4 player4 2 1 36 3
round 53
#corps
0 6 0
1 14 0
2 14 5
3 3 5
4 4 2 1 3 1 2 -1 -1 0 0
5 11 0
6 11 8
7 3 8
#tower
0 4 4 1 25 2 30 160 32 4 0
1 10 2
2 13 11
3 3 11
#map
2020788784 2020788864 2020788944 2020789024
#players
1 player1 2 1 46 1
2 player2 2 1 46 2
3 player3 2 1 36 4
4 player4 2 1 36 3
round 54
#corps
0 6 0
1 14 0
2 14 5
3 3 5
4 4 2
5 11 0
6 11 8
7 3 8
#tower
0 4 4
1 10 2 2 25 2 30 160 32 4 0
2 13 11
3 3 11
#map
#players
1 player1 2 1 46 1
2 player2 2 1 46 2
3 player3 2 1 36 4
4 player4 2 1 36 3
round 55
#corps
0 6 0
1 14 0
2 14 5
3 3 5
4 4 2
5 11 0
6 10 8 3 4 3 0 -1 -1 0 0
7 3 8
#tower
0 4 4
1 10 2
2 13 11 3 20 2 40 140 29 3 0
3 3 11
#map
#players
1 player1 2 1 46 2
2 player2 2 1 46 1
3 player3 2 1 36 4
4 player4 2 1 36 3
round 56
#corps
0 6 0
1 14 0
2 14 5
3 3 5
4 4 2
5 11 0
6 10 8
7 3 8
#tower
0 4 4
1 10 2
2 13 11
3 3 11 4 20 2 40 140 29 3 0
#map
#players
1 player1 2 1 46 1
2 player2 2 1 46 2
3 player3 2 1 36 4
4 player4 2 1 36 3
round 57
#corps
0 6 0
1 14 0
2 14 5
3 3 5
5 11 0
6 10 8
7 3 8
#tower
0 4 4 1 25 2 5 160 32 4 0
1 10 2
2 13 11
3 3 11
#map
2020788784 2020788864 2020788944 2020789024
#players
1 player1 1 1 42 2
2 player2 2 1 46 1
3 player3 2 1 36 3
4 player4 2 1 36 4
round 58
#corps
0 6 0
1 14 0
2 14 5
3 3 5
5 11 0
6 10 8
7 3 8
#tower
0 4 4
1 10 2 2 25 2 5 160 32 4 0
2 13 11
3 3 11
#map
#players
1 player1 1 1 42 2
2 player2 2 1 46 1
3 player3 2 1 36 4
4 player4 2 1 36 3
round 59
#corps
0 6 0
1 14 0
2 14 5
3 3 5
5 11 0
6 9 8 3 4 3 0 -1 -1 0 0
7 3 8
#tower
0 4 4
1 10 2
2 13 11 3 20 2 20 140 29 3 0
3 3 11
#map
#players
1 player1 1 1 42 2
2 player2 2 1 46 1
3 player3 2 1 36 3
4 player4 2 1 36 4
round 60
#corps
0 6 0
1 14 0
2 14 5
3 3 5
5 11 0
6 9 8
7 3 8
#tower
0 4 4
1 10 2
2 13 11
3 3 11 4 20 2 20 140 29 3 0
#map
#players
1 player1 1 1 42 2
2 player2 2 1 46 1
3 player3 2 1 36 4
4 player4 2 1 36 3
round 61
#corps
0 6 0
1 14 0
2 14 5
3 3 5
5 11 0
6 9 8
7 3 8
#tower
0 4 4 1 25 -1 -1 160 32 4 0
1 10 2
2 13 11
3 3 11
#map
#players
1 player1 1 1 42 2
2 player2 2 1 46 1
3 player3 2 1 36 4
4 player4 2 1 36 3
round 62
#corps
0 6 0
1 14 0
2 14 5
3 3 5
5 11 0
6 9 8
7 3 8
#tower
0 4 4
1 10 2 2 25 -1 -1 160 32 4 0
2 13 11
3 3 11
#map
#players
1 player1 1 1 42 2
2 player2 2 1 46 1
3 player3 2 1 36 3
4 player4 2 1 36 4
round 63
#corps
0 6 0
1 14 0
2 14 5
3 3 5
5 11 0
6 8 8 3 4 3 0 -1 -1 0 0
7 3 8
#tower
0 4 4
1 10 2
2 13 11 3 20 -1 -1 140 29 3 0
3 3 11
#map
#players
1 player1 1 1 42 2
2 player2 2 1 46 1
3 player3 2 1 36 3
4 player4 2 1 36 4
round 64
#corps
0 6 0
1 14 0
2 14 5
3 3 5
5 11 0
6 8 8
7 3 8
#tower
0 4 4
1 10 2
2 13 11
3 3 11 4 20 -1 -1 140 29 3 0
#map
#players
1 player1 1 1 42 2
2 player2 2 1 46 1
3 player3 2 1 36 4
4 player4 2 1 36 3
round 65
#corps
0 6 0
1 14 0
2 14 5
3 3 5
5 11 0
6 8 8
7 3 8
8 4 4
#tower
0 4 4 1 25 2 75 160 32 4 0
1 10 2
2 13 11
3 3 11
#map
#players
1 player1 2 1 44 2
2 player2 2 1 46 1
3 player3 2 1 36 4
4 player4 2 1 36 3
round 66
#corps
0 6 0
1 14 0
2 14 5
3 3 5
5 11 0
6 8 8
7 3 8
8 4 4
9 10 2
#tower
0 4 4
1 10 2 2 25 2 75 160 32 4 0
2 13 11
3 3 11
#map
#players
1 player1 2 1 44 2
2 player2 3 1 48 1
3 player3 2 1 36 3
4 player4 2 1 36 4
round 67
#corps
0 6 0
1 14 0
2 14 5
3 3 5
5 11 0
6 8 8 3 4 3 2 -1 -1 0 0
7 3 8
8 4 4
9 10 2
10 12 11 3 2 -1 3 44 70 0 1
#tower
0 4 4
1 10 2
2 13 11 3 25 2 75 160 32 4 0
3 3 11
#map
#players
1 player1 2 1 44 3
2 player2 3 1 48 2
3 player3 3 1 48 1
4 player4 2 1 36 4
round 68
#corps
0 6 0
1 14 0
2 14 5
3 3 5
5 11 0
6 8 8
7 3 8
8 4 4
9 10 2
10 12 11
11 3 11
#tower
0 4 4
1 10 2
2 13 11
3 3 11 4 25 2 75 160 32 4 0
#map
#players
1 player1 2 1 44 4
2 player2 3 1 48 2
3 player3 3 1 48 3
4 player4 3 1 48 1
round 69
#corps
0 6 0
1 14 0
2 14 5
3 3 5
5 11 0
6 8 8
7 3 8
8 4 4
9 10 2
10 12 11
11 3 11
#tower
0 4 4 1 25 2 50 160 32 4 0
1 10 2
2 13 11
3 3 11
#map
#players
1 player1 2 1 44 4
2 player2 3 1 48 3
3 player3 3 1 48 2
4 player4 3 1 48 1
round 70
#corps
0 6 0
1 14 0
2 14 5
3 3 5
5 11 0
6 8 8
7 3 8
8 4 4
9 10 2
10 12 11
11 3 11
#tower
0 4 4
1 10 2 2 25 2 50 160 32 4 0
2 13 11
3 3 11
#map
#players
1 player1 2 1 44 4
2 player2 3 1 48 2
3 player3 3 1 48 3
4 player4 3 1 48 1
round 71
#corps
0 6 0
1 14 0
2 14 5
3 3 5
5 11 0
6 8 8
7 3 8
8 4 4
9 10 2
10 11 11 3 2 -1 2 44 70 0 0
11 3 11
#tower
0 4 4
1 10 2
2 13 11 3 25 2 50 160 32 4 0
3 3 11
#map
#players
1 player1 2 1 44 4
2 player2 3 1 48 2
3 player3 3 1 48 1
4 player4 3 1 48 3
round 72
#corps
0 6 0
1 14 0
2 14 5
3 3 5
5 11 0
6 8 8
7 3 8
8 4 4
9 10 2
10 11 11
11 3 11
#tower
0 4 4
1 10 2
2 13 11
3 3 11 4 25 2 50 160 32 4 0
#map
#players
1 player1 2 1 44 4
2 player2 3 1 48 2
3 player3 3 1 48 3
4 player4 3 1 48 1
round 73
#corps
0 6 0
1 14 0
2 14 5
3 3 5
5 11 0
6 8 8
7 3 8
8 4 4
9 10 2
10 11 11
11 3 11
#tower
0 4 4 1 30 2 20 180 35 5 0
1 10 2
2 13 11
3 3 11
#map
#players
1 player1 2 1 54 1
2 player2 3 1 48 4
3 player3 3 1 48 2
4 player4 3 1 48 3
round 74
#corps
0 6 0
1 14 0
2 14 5
3 3 5
5 11 0
6 8 8
7 3 8
8 4 4
9 10 2
10 11 11
11 3 11
#tower
0 4 4
1 10 2 2 30 2 20 180 35 5 0
2 13 11
3 3 11
#map
#players
1 player1 2 1 54 2
2 player2 3 1 58 1
3 player3 3 1 48 3
4 player4 3 1 48 4
round 75
#corps
0 6 0
1 14 0
2 14 5
3 3 5
5 11 0
6 8 8
7 3 8
8 4 4
9 10 2
10 10 11 3 2 -1 2 44 70 0 0
11 3 11
#tower
0 4 4
1 10 2
2 13 11 3 25 2 25 160 32 4 0
3 3 11
#map
#players
1 player1 2 1 54 2
2 player2 3 1 58 1
3 player3 3 1 48 3
4 player4 3 1 48 4
round 76
#corps
0 6 0
1 14 0
2 14 5
3 3 5
5 11 0
6 8 8
7 3 8
8 4 4
9 10 2
10 10 11
11 3 11
#tower
0 4 4
1 10 2
2 13 11
3 3 11 4 25 2 25 160 32 4 0
#map
#players
1 player1 2 1 54 2
2 player2 3 1 58 1
3 player3 3 1 48 3
4 player4 3 1 48 4
round 77
#corps
0 6 0
1 14 0
2 14 5
3 3 5
5 11 0
6 8 8
7 3 8
8 4 4
9 10 2
10 10 11
11 3 11
#tower
0 4 4 1 30 -1 -1 180 35 5 0
1 10 2
2 13 11
3 3 11
#map
#players
1 player1 2 1 54 2
2 player2 3 1 58 1
3 player3 3 1 48 3
4 player4 3 1 48 4
round 78
#corps
0 6 0
1 14 0
2 14 5
3 3 5
5 11 0
6 8 8
7 3 8
8 4 4
9 10 2
10 10 11
11 3 11
#tower
0 4 4
1 10 2 2 30 -1 -1 180 35 5 0
2 13 11
3 3 11
#map
#players
1 player1 2 1 54 2
2 player2 3 1 58 1
3 player3 3 1 48 3
4 player4 3 1 48 4
round 79
#corps
0 6 0
1 14 0
2 14 5
3 3 5
5 11 0
6 8 8
7 3 8
8 4 4
9 10 2
10 9 11 3 2 -1 2 44 70 0 0
11 3 11
#tower
0 4 4
1 10 2
2 13 11 3 25 -1 -1 160 32 4 0
3 3 11
#map
#players
1 player1 2 1 54 2
2 player2 3 1 58 1
3 player3 3 1 48 4
4 player4 3 1 48 3
round 80
#corps
0 6 0
1 14 0
2 14 5
3 3 5
5 11 0
6 8 8
7 3 8
8 4 4
9 10 2
10 9 11
11 3 11
#tower
0 4 4
1 10 2
2 13 11
3 3 11 4 25 -1 -1 160 32 4 0
#map
#players
1 player1 2 1 54 2
2 player2 3 1 58 1
3 player3 3 1 48 3
4 player4 3 1 48 4
round 81
#corps
0 6 0
1 14 0
2 14 5
3 3 5
5 11 0
6 8 8
7 3 8
8 4 4
9 10 2
10 9 11
11 3 11
12 4 4
#tower
0 4 4 1 30 2 70 180 35 5 0
1 10 2
2 13 11
3 3 11
#map
#players
1 player1 3 1 56 2
2 player2 3 1 58 1
3 player3 3 1 48 3
4 player4 3 1 48 4
round 82
#corps
0 6 0
1 14 0
2 14 5
3 3 5
5 11 0
6 8 8
7 3 8
8 4 4
9 10 2
10 9 11
11 3 11
12 4 4
13 10 2
#tower
0 4 4
1 10 2 2 30 2 70 180 35 5 0
2 13 11
3 3 11
#map
#players
1 player1 3 1 56 2
2 player2 4 1 60 1
3 player3 3 1 48 3
4 player4 3 1 48 4
round 83
#corps
0 6 0
1 14 0
2 14 5
3 3 5
5 11 0
6 8 8
7 3 8
8 4 4
9 10 2
10 8 11 3 2 -1 2 44 70 0 0
11 3 11
12 4 4
13 10 2
14 12 11 3 2 -1 3 44 70 0 1
#tower
0 4 4
1 10 2
2 13 11 3 25 2 75 160 32 4 0
3 3 11
#map
#players
1 player1 3 1 56 2
2 player2 4 1 60 1
3 player3 4 1 50 3
4 player4 3 1 48 4
round 84
#corps
0 6 0
1 14 0
2 14 5
3 3 5
5 11 0
6 8 8
7 3 8
8 4 4
9 10 2
10 8 11
11 3 11
12 4 4
13 10 2
14 12 11
15 3 11
#tower
0 4 4
1 10 2
2 13 11
3 3 11 4 25 2 75 160 32 4 0
#map
#players
1 player1 3 1 56 2
2 player2 4 1 60 1
3 player3 4 1 50 4
4 player4 4 1 50 3
round 85
#corps
0 6 0
1 14 0
2 14 5
3 3 5
5 11 0
6 8 8
7 3 8
8 4 4
9 10 2
10 8 11
11 3 11
12 4 4
13 10 2
14 12 11
15 3 11
#tower
0 4 4 1 30 2 40 180 35 5 0
1 10 2
2 13 11
3 3 11
#map
#players
1 player1 3 1 56 2
2 player2 4 1 60 1
3 player3 4 1 50 4
4 player4 4 1 50 3
round 86
#corps
0 6 0
1 14 0
2 14 5
3 3 5
5 11 0
6 8 8
7 3 8
8 4 4
9 10 2
10 8 11
11 3 11
12 4 4
13 10 2
14 12 11
15 3 11
#tower
0 4 4
1 10 2 2 30 2 40 180 35 5 0
2 13 11
3 3 11
#map
#players
1 player1 3 1 56 2
2 player2 4 1 60 1
3 player3 4 1 50 4
4 player4 4 1 50 3
round 87
#corps
0 6 0
1 14 0
2 14 5
3 3 5
5 11 0
6 8 8
7 3 8
8 4 4
9 10 2
10 7 11 3 2 -1 1 47 70 0 0
11 3 11
12 4 4
13 10 2
14 11 11 3 2 -1 2 44 70 0 0
15 3 11
#tower
0 4 4
1 10 2
2 13 11 3 25 2 50 160 32 4 0
3 3 11
#map
#players
1 player1 3 1 56 2
2 player2 4 1 60 1
3 player3 4 1 50 3
4 player4 4 1 50 4
round 88
#corps
0 6 0
1 14 0
2 14 5
3 3 5
5 11 0
6 8 8
7 3 8
8 4 4
9 10 2
10 7 11
11 3 11
12 4 4
13 10 2
14 11 11
15 3 11
#tower
0 4 4
1 10 2
2 13 11
3 3 11 4 25 2 50 160 32 4 0
#map
#players
1 player1 3 1 56 2
2 player2 4 1 60 1
3 player3 4 1 50 3
4 player4 4 1 50 4
round 89
#corps
0 6 0
1 14 0
2 14 5
3 3 5
5 11 0
6 8 8
7 3 8
8 4 4
9 10 2
10 7 11
11 3 11
12 4 4
13 10 2
14 11 11
15 3 11
#tower
0 4 4 1 30 2 10 180 35 5 0
1 10 2
2 13 11
3 3 11
#map
#players
1 player1 3 1 56 2
2 player2 4 1 60 1
3 player3 4 1 50 4
4 player4 4 1 50 3
round 90
#corps
0 6 0
1 14 0
2 14 5
3 3 5
5 11 0
6 8 8
7 3 8
8 4 4
9 10 2
10 7 11
11 3 11
12 4 4
13 10 2
14 11 11
15 3 11
#tower
0 4 4
1 10 2 2 30 2 10 180 35 5 0
2 13 11
3 3 11
#map
#players
1 player1 3 1 56 2
2 player2 4 1 60 1
3 player3 4 1 50 4
4 player4 4 1 50 3
round 91
#corps
0 6 0
1 14 0
2 14 5
3 3 5
5 11 0
6 8 8
7 3 8
8 4 4
9 10 2
10 6 11 3 2 -1 0 49 70 0 0
11 3 11
12 4 4
13 10 2
14 10 11 3 2 -1 2 44 70 0 0
15 3 11
#tower
0 4 4
1 10 2
2 13 11 3 30 2 20 180 35 5 0
3 3 11
#map
#players
1 player1 3 1 56 3
2 player2 4 1 60 2
3 player3 4 1 60 1
4 player4 4 1 50 4
round 92
#corps
0 6 0
1 14 0
2 14 5
3 3 5
5 11 0
6 8 8
7 3 8
8 4 4
9 10 2
10 6 11
11 3 11
12 4 4
13 10 2
14 10 11
15 3 11
#tower
0 4 4
1 10 2
2 13 11
3 3 11 4 30 2 20 180 35 5 0
#map
#players
1 player1 3 1 56 4
2 player2 4 1 60 3
3 player3 4 1 60 1
4 player4 4 1 60 2
round 93
#corps
0 6 0
1 14 0
2 14 5
3 3 5
5 11 0
6 8 8
7 3 8
8 4 4
9 10 2
10 6 11
11 3 11
12 4 4
13 10 2
14 10 11
15 3 11
#tower
0 4 4 1 30 -1 -1 180 35 5 0
1 10 2
2 13 11
3 3 11
#map
#players
1 player1 3 1 56 4
2 player2 4 1 60 3
3 player3 4 1 60 2
4 player4 4 1 60 1
round 94
#corps
0 6 0
1 14 0
2 14 5
3 3 5
5 11 0
6 8 8
7 3 8
8 4 4
9 10 2
10 6 11
11 3 11
12 4 4
13 10 2
14 10 11
15 3 11
#tower
0 4 4
1 10 2 2 30 -1 -1 180 35 5 0
2 13 11
3 3 11
#map
#players
1 player1 3 1 56 4
2 player2 4 1 60 3
3 player3 4 1 60 2
4 player4 4 1 60 1
round 95
#corps
0 6 0
1 14 0
2 14 5
3 3 5
5 11 0
6 8 8
7 3 8
8 4 4
9 10 2
10 5 11 3 2 -1 1 44 70 0 0
11 3 11
12 4 4
13 10 2
14 10 11 3 2 -1 4 44 70 0 0
15 3 11
#tower
0 4 4
1 10 2
2 13 11 3 30 -1 -1 180 35 5 0
3 3 11
#map
#players
1 player1 3 1 56 4
2 player2 4 1 60 1
3 player3 4 1 60 2
4 player4 4 1 60 3
round 96
#corps
0 6 0
1 14 0
2 14 5
3 3 5
5 11 0
6 8 8
7 3 8
8 4 4
9 10 2
10 5 11
11 3 11
12 4 4
13 10 2
14 10 11
15 3 11
#tower
0 4 4
1 10 2
2 13 11
3 3 11 4 30 -1 -1 180 35 5 0
#map
#players
1 player1 3 1 56 4
2 player2 4 1 60 2
3 player3 4 1 60 3
4 player4 4 1 60 1
round 97
#corps
0 6 0
1 14 0
2 14 5
3 3 5
5 11 0
6 8 8
7 3 8
8 4 4
9 10 2
10 5 11
11 3 11
12 4 4
13 10 2
14 10 11
15 3 11
16 4 4
#tower
0 4 4 1 30 2 70 180 35 5 0
1 10 2
2 13 11
3 3 11
#map
#players
1 player1 4 1 58 4
2 player2 4 1 60 2
3 player3 4 1 60 1
4 player4 4 1 60 3
round 98
#corps
0 6 0
1 14 0
2 14 5
3 3 5
5 11 0
6 8 8
7 3 8
8 4 4
9 10 2
10 5 11
11 3 11
12 4 4
13 10 2
14 10 11
15 3 11
16 4 4
17 10 2
#tower
0 4 4
1 10 2 2 30 2 70 180 35 5 0
2 13 11
3 3 11
#map
#players
1 player1 4 1 58 4
2 player2 5 1 62 1
3 player3 4 1 60 3
4 player4 4 1 60 2
round 99
#corps
0 6 0
1 14 0
2 14 5
3 3 5
5 11 0
6 8 8
7 3 8
8 4 4
9 10 2
10 4 11 3 2 -1 3 44 70 0 0
11 3 11
12 4 4
13 10 2
14 10 11
15 3 11
16 4 4
17 10 2
18 13 11
#tower
0 4 4
1 10 2
2 13 11 3 30 2 70 180 35 5 0
3 3 11
#map
#players
1 player1 4 1 58 4
2 player2 5 1 62 2
3 player3 5 1 62 1
4 player4 4 1 60 3
round 100
#corps
0 6 0
1 14 0
2 14 5
3 3 5
5 11 0
6 8 8
7 3 8
8 4 4
9 10 2
10 4 11
11 3 11
12 4 4
13 10 2
14 10 11
15 3 11
16 4 4
17 10 2
18 13 11
19 3 11
#tower
0 4 4
1 10 2
2 13 11
3 3 11 4 30 2 70 180 35 5 0
#map
#players
1 player1 4 1 58 4
2 player2 5 1 62 2
3 player3 5 1 62 3
4 player4 5 1 62 1
round 101
#corps
0 6 0
1 14 0
2 14 5
3 3 5
5 11 0
6 8 8
7 3 8
8 4 4
9 10 2
10 4 11
11 3 11
12 4 4
13 10 2
14 10 11
15 3 11
16 4 4
17 10 2
18 13 11
19 3 11
#tower
0 4 4 1 35 2 35 200 38 6 0
1 10 2
2 13 11
3 3 11
#map
#players
1 player1 4 1 68 1
2 player2 5 1 62 3
3 player3 5 1 62 4
4 player4 5 1 62 2
round 102
#corps
0 6 0
1 14 0
2 14 5
3 3 5
5 11 0
6 8 8
7 3 8
8 4 4
9 10 2
10 4 11
11 3 11
12 4 4
13 10 2
14 10 11
15 3 11
16 4 4
17 10 2
18 13 11
19 3 11
#tower
0 4 4
1 10 2 2 35 2 35 200 38 6 0
2 13 11
3 3 11
#map
#players
1 player1 4 1 68 2
2 player2 5 1 72 1
3 player3 5 1 62 4
4 player4 5 1 62 3
round 103
#corps
0 6 0
1 14 0
2 14 5
3 3 5
5 11 0
6 8 8
7 3 8
8 4 4
9 10 2
10 4 11 3 2 -1 4 44 70 0 0
11 3 11
12 4 4
13 10 2
14 10 11
15 3 11
16 4 4
17 10 2
18 13 11
19 3 11
#tower
0 4 4
1 10 2
2 13 11 3 30 2 40 180 35 5 0
3 3 11
#map
#players
1 player1 4 1 68 2
2 player2 5 1 72 1
3 player3 5 1 62 4
4 player4 5 1 62 3
round 104
#corps
0 6 0
1 14 0
2 14 5
3 3 5
5 11 0
6 8 8
7 3 8
8 4 4
9 10 2
10 4 11
11 3 11
12 4 4
13 10 2
14 10 11
15 3 11
16 4 4
17 10 2
18 13 11
19 3 11
#tower
0 4 4
1 10 2
2 13 11
3 3 11 4 30 2 40 180 35 5 0
#map
#players
1 player1 4 1 68 2
2 player2 5 1 72 1
3 player3 5 1 62 4
4 player4 5 1 62 3
round 105
#corps
0 6 0
1 14 0
2 14 5
3 3 5
5 11 0
6 8 8
7 3 8
8 4 4
9 10 2
10 4 11
11 3 11
12 4 4
13 10 2
14 10 11
15 3 11
16 4 4
17 10 2
18 13 11
19 3 11
#tower
0 4 4 1 35 -1 -1 200 38 6 0
1 10 2
2 13 11
3 3 11
#map
#players
1 player1 4 1 68 2
2 player2 5 1 72 1
3 player3 5 1 62 4
4 player4 5 1 62 3
round 106
#corps
0 6 0
1 14 0
2 14 5
3 3 5
5 11 0
6 8 8
7 3 8
8 4 4
9 10 2
10 4 11
11 3 11
12 4 4
13 10 2
14 10 11
15 3 11
16 4 4
17 10 2
18 13 11
19 3 11
#tower
0 4 4
1 10 2 2 35 -1 -1 200 38 6 0
2 13 11
3 3 11
#map
#players
1 player1 4 1 68 2
2 player2 5 1 72 1
3 player3 5 1 62 3
4 player4 5 1 62 4
round 107
#corps
0 6 0
1 14 0
2 14 5
3 3 5
5 11 0
6 8 8
7 3 8
8 4 4
9 10 2
10 4 11
11 3 11
12 4 4
13 10 2
14 10 11
15 3 11
16 4 4
17 10 2
18 13 11
19 3 11
#tower
0 4 4
1 10 2
2 13 11 3 30 2 10 180 35 5 0
3 3 11
#map
#players
1 player1 4 1 68 2
2 player2 5 1 72 1
3 player3 5 1 62 4
4 player4 5 1 62 3
round 108
#corps
0 6 0
1 14 0
2 14 5
3 3 5
5 11 0
6 8 8
7 3 8
8 4 4
9 10 2
10 4 11
11 3 11
12 4 4
13 10 2
14 10 11
15 3 11
16 4 4
17 10 2
18 13 11
19 3 11
#tower
0 4 4
1 10 2
2 13 11
3 3 11 4 30 2 10 180 35 5 0
#map
#players
1 player1 4 1 68 2
2 player2 5 1 72 1
3 player3 5 1 62 3
4 player4 5 1 62 4
round 109
#corps
0 6 0
1 14 0
2 14 5
3 3 5
5 11 0
6 8 8
7 3 8
8 4 4
9 10 2
10 4 11
11 3 11
12 4 4
13 10 2
14 10 11
15 3 11
16 4 4
17 10 2
18 13 11
19 3 11
20 4 4
#tower
0 4 4 1 35 2 65 200 38 6 0
1 10 2
2 13 11
3 3 11
#map
#players
1 player1 5 1 70 2
2 player2 5 1 72 1
3 player3 5 1 62 3
4 player4 5 1 62 4
round 110
#corps
0 6 0
1 14 0
2 14 5
3 3 5
5 11 0
6 8 8
7 3 8
8 4 4
9 10 2
10 4 11
11 3 11
12 4 4
13 10 2
14 10 11
15 3 11
16 4 4
17 10 2
18 13 11
19 3 11
20 4 4
21 10 2
#tower
0 4 4
1 10 2 2 35 2 65 200 38 6 0
2 13 11
3 3 11
#map
#players
1 player1 5 1 70 2
2 player2 6 1 74 1
3 player3 5 1 62 4
4 player4 5 1 62 3
round 111
#corps
0 6 0
1 14 0
2 14 5
3 3 5
5 11 0
6 8 8
7 3 8
8 4 4
9 10 2
10 4 11
11 3 11
12 4 4
13 10 2
14 10 11
15 3 11
16 4 4
17 10 2
18 13 11
19 3 11
20 4 4
21 10 2
#tower
0 4 4
1 10 2
2 13 11 3 35 -1 -1 200 38 6 0
3 3 11
#map
#players
1 player1 5 1 70 3
2 player2 6 1 74 1
3 player3 5 1 72 2
4 player4 5 1 62 4
round 112
#corps
0 6 0
1 14 0
2 14 5
3 3 5
5 11 0
6 8 8
7 3 8
8 4 4
9 10 2
10 4 11
11 3 11
12 4 4
13 10 2
14 10 11
15 3 11
16 4 4
17 10 2
18 13 11
19 3 11
20 4 4
21 10 2
#tower
0 4 4
1 10 2
2 13 11
3 3 11 4 35 -1 -1 200 38 6 0
#map
#players
1 player1 5 1 70 4
2 player2 6 1 74 1
3 player3 5 1 72 2
4 player4 5 1 72 3
round 113
#corps
0 6 0
1 14 0
2 14 5
3 3 5
5 11 0
6 8 8
7 3 8
8 4 4
9 10 2
10 4 11
11 3 11
12 4 4
13 10 2
14 10 11
15 3 11
16 4 4
17 10 2
18 13 11
19 3 11
20 4 4
21 10 2
#tower
0 4 4 1 35 2 30 200 38 6 0
1 10 2
2 13 11
3 3 11
#map
#players
1 player1 5 1 70 4
2 player2 6 1 74 1
3 player3 5 1 72 3
4 player4 5 1 72 2
round 114
#corps
0 6 0
1 14 0
2 14 5
3 3 5
5 11 0
6 8 8
7 3 8
8 4 4
9 10 2
10 4 11
11 3 11
12 4 4
13 10 2
14 10 11
15 3 11
16 4 4
17 10 2
18 13 11
19 3 11
20 4 4
21 10 2
#tower
0 4 4
1 10 2 2 35 2 30 200 38 6 0
2 13 11
3 3 11
#map
#players
1 player1 5 1 70 4
2 player2 6 1 74 1
3 player3 5 1 72 3
4 player4 5 1 72 2
round 115
#corps
0 6 0
1 14 0
2 14 5
3 3 5
5 11 0
6 8 8
7 3 8
8 4 4
9 10 2
10 4 11
11 3 11
12 4 4
13 10 2
14 10 11
15 3 11
16 4 4
17 10 2
18 13 11
19 3 11
20 4 4
21 10 2
22 13 11
#tower
0 4 4
1 10 2
2 13 11 3 35 2 65 200 38 6 0
3 3 11
#map
#players
1 player1 5 1 70 4
2 player2 6 1 74 1
3 player3 6 1 74 2
4 player4 5 1 72 3
round 116
#corps
0 6 0
1 14 0
2 14 5
3 3 5
5 11 0
6 8 8
7 3 8
8 4 4
9 10 2
10 4 11
11 3 11
12 4 4
13 10 2
14 10 11
15 3 11
16 4 4
17 10 2
18 13 11
19 3 11
20 4 4
21 10 2
22 13 11
23 3 11
#tower
0 4 4
1 10 2
2 13 11
3 3 11 4 35 2 65 200 38 6 0
#map
#players
1 player1 5 1 70 4
2 player2 6 1 74 2
3 player3 6 1 74 1
4 player4 6 1 74 3
round 117
#corps
0 6 0
1 14 0
2 14 5
3 3 5
5 11 0
6 8 8
7 3 8
8 4 4
9 10 2
10 4 11
11 3 11
12 4 4
13 10 2
14 10 11
15 3 11
16 4 4
17 10 2
18 13 11
19 3 11
20 4 4
21 10 2
22 13 11
23 3 11
#tower
0 4 4 1 40 -1 -1 220 41 7 0
1 10 2
2 13 11
3 3 11
#map
#players
1 player1 5 1 80 1
2 player2 6 1 74 4
3 player3 6 1 74 2
4 player4 6 1 74 3
round 118
#corps
0 6 0
1 14 0
2 14 5
3 3 5
5 11 0
6 8 8
7 3 8
8 4 4
9 10 2
10 4 11
11 3 11
12 4 4
13 10 2
14 10 11
15 3 11
16 4 4
17 10 2
18 13 11
19 3 11
20 4 4
21 10 2
22 13 11
23 3 11
#tower
0 4 4
1 10 2 2 40 -1 -1 220 41 7 0
2 13 11
3 3 11
#map
#players
1 player1 5 1 80 2
2 player2 6 1 84 1
3 player3 6 1 74 4
4 player4 6 1 74 3
round 119
#corps
0 6 0
1 14 0
2 14 5
3 3 5
5 11 0
6 8 8
7 3 8
8 4 4
9 10 2
10 4 11
11 3 11
12 4 4
13 10 2
14 10 11
15 3 11
16 4 4
17 10 2
18 13 11
19 3 11
20 4 4
21 10 2
22 13 11
23 3 11
#tower
0 4 4
1 10 2
2 13 11 3 35 2 30 200 38 6 0
3 3 11
#map
#players
1 player1 5 1 80 2
2 player2 6 1 84 1
3 player3 6 1 74 3
4 player4 6 1 74 4
round 120
#corps
0 6 0
1 14 0
2 14 5
3 3 5
5 11 0
6 8 8
7 3 8
8 4 4
9 10 2
10 4 11
11 3 11
12 4 4
13 10 2
14 10 11
15 3 11
16 4 4
17 10 2
18 13 11
19 3 11
20 4 4
21 10 2
22 13 11
23 3 11
#tower
0 4 4
1 10 2
2 13 11
3 3 11 4 35 2 30 200 38 6 0
#map
#players
1 player1 5 1 80 2
2 player2 6 1 84 1
3 player3 6 1 74 4
4 player4 6 1 74 3
round 121
#corps
0 6 0
1 14 0
2 14 5
3 3 5
5 11 0
6 8 8
7 3 8
8 4 4
9 10 2
10 4 11
11 3 11
12 4 4
13 10 2
14 10 11
15 3 11
16 4 4
17 10 2
18 13 11
19 3 11
20 4 4
21 10 2
22 13 11
23 3 11
24 4 4
#tower
0 4 4 1 40 2 60 220 41 7 0
1 10 2
2 13 11
3 3 11
#map
#players
1 player1 6 1 82 2
2 player2 6 1 84 1
3 player3 6 1 74 4
4 player4 6 1 74 3
round 122
#corps
0 6 0
1 14 0
2 14 5
3 3 5
5 11 0
6 8 8
7 3 8
8 4 4
9 10 2
10 4 11
11 3 11
12 4 4
13 10 2
14 10 11
15 3 11
16 4 4
17 10 2
18 13 11
19 3 11
20 4 4
21 10 2
22 13 11
23 3 11
24 4 4
25 10 2
#tower
0 4 4
1 10 2 2 40 2 60 220 41 7 0
2 13 11
3 3 11
#map
#players
1 player1 6 1 82 2
2 player2 7 1 86 1
3 player3 6 1 74 3
4 player4 6 1 74 4
round 123
#corps
0 6 0
1 14 0
2 14 5
3 3 5
5 11 0
6 8 8
7 3 8
8 4 4
9 10 2
10 4 11
11 3 11
12 4 4
13 10 2
14 10 11
15 3 11
16 4 4
17 10 2
18 13 11
19 3 11
20 4 4
21 10 2
22 13 11
23 3 11
24 4 4
25 10 2
#tower
0 4 4
1 10 2
2 13 11 3 35 -1 -1 200 38 6 0
3 3 11
#map
#players
1 player1 6 1 82 2
2 player2 7 1 86 1
3 player3 6 1 74 4
4 player4 6 1 74 3
round 124
#corps
0 6 0
1 14 0
2 14 5
3 3 5
5 11 0
6 8 8
7 3 8
8 4 4
9 10 2
10 4 11
11 3 11
12 4 4
13 10 2
14 10 11
15 3 11
16 4 4
17 10 2
18 13 11
19 3 11
20 4 4
21 10 2
22 13 11
23 3 11
24 4 4
25 10 2
#tower
0 4 4
1 10 2
2 13 11
3 3 11 4 35 -1 -1 200 38 6 0
#map
#players
1 player1 6 1 82 2
2 player2 7 1 86 1
3 player3 6 1 74 3
4 player4 6 1 74 4
round 125
#corps
0 6 0
1 14 0
2 14 5
3 3 5
5 11 0
6 8 8
7 3 8
8 4 4
9 10 2
10 4 11
11 3 11
12 4 4
13 10 2
14 10 11
15 3 11
16 4 4
17 10 2
18 13 11
19 3 11
20 4 4
21 10 2
22 13 11
23 3 11
24 4 4
25 10 2
#tower
0 4 4 1 40 2 20 220 41 7 0
1 10 2
2 13 11
3 3 11
#map
#players
1 player1 6 1 82 2
2 player2 7 1 86 1
3 player3 6 1 74 3
4 player4 6 1 74 4
round 126
#corps
0 6 0
1 14 0
2 14 5
3 3 5
5 11 0
6 8 8
7 3 8
8 4 4
9 10 2
10 4 11
11 3 11
12 4 4
13 10 2
14 10 11
15 3 11
16 4 4
17 10 2
18 13 11
19 3 11
20 4 4
21 10 2
22 13 11
23 3 11
24 4 4
25 10 2
#tower
0 4 4
1 10 2 2 40 2 20 220 41 7 0
2 13 11
3 3 11
#map
#players
1 player1 6 1 82 2
2 player2 7 1 86 1
3 player3 6 1 74 4
4 player4 6 1 74 3
round 127
#corps
0 6 0
1 14 0
2 14 5
3 3 5
5 11 0
6 8 8
7 3 8
8 4 4
9 10 2
10 4 11
11 3 11
12 4 4
13 10 2
14 10 11
15 3 11
16 4 4
17 10 2
18 13 11
19 3 11
20 4 4
21 10 2
22 13 11
23 3 11
24 4 4
25 10 2
26 13 11
#tower
0 4 4
1 10 2
2 13 11 3 40 2 60 220 41 7 0
3 3 11
#map
#players
1 player1 6 1 82 3
2 player2 7 1 86 2
3 player3 7 1 86 1
4 player4 6 1 74 4
round 128
#corps
0 6 0
1 14 0
2 14 5
3 3 5
5 11 0
6 8 8
7 3 8
8 4 4
9 10 2
10 4 11
11 3 11
12 4 4
13 10 2
14 10 11
15 3 11
16 4 4
17 10 2
18 13 11
19 3 11
20 4 4
21 10 2
22 13 11
23 3 11
24 4 4
25 10 2
26 13 11
27 3 11
#tower
0 4 4
1 10 2
2 13 11
3 3 11 4 40 2 60 220 41 7 0
#map
#players
1 player1 6 1 82 4
2 player2 7 1 86 3
3 player3 7 1 86 2
4 player4 7 1 86 1
round 129
#corps
0 6 0
1 14 0
2 14 5
3 3 5
5 11 0
6 8 8
7 3 8
8 4 4
9 10 2
10 4 11
11 3 11
12 4 4
13 10 2
14 10 11
15 3 11
16 4 4
17 10 2
18 13 11
19 3 11
20 4 4
21 10 2
22 13 11
23 3 11
24 4 4
25 10 2
26 13 11
27 3 11
#tower
0 4 4 1 40 -1 -1 220 41 7 0
1 10 2
2 13 11
3 3 11
#map
#players
1 player1 6 1 82 4
2 player2 7 1 86 2
3 player3 7 1 86 3
4 player4 7 1 86 1
round 130
#corps
0 6 0
1 14 0
2 14 5
3 3 5
5 11 0
6 8 8
7 3 8
8 4 4
9 10 2
10 4 11
11 3 11
12 4 4
13 10 2
14 10 11
15 3 11
16 4 4
17 10 2
18 13 11
19 3 11
20 4 4
21 10 2
22 13 11
23 3 11
24 4 4
25 10 2
26 13 11
27 3 11
#tower
0 4 4
1 10 2 2 40 -1 -1 220 41 7 0
2 13 11
3 3 11
#map
#players
1 player1 6 1 82 4
2 player2 7 1 86 3
3 player3 7 1 86 1
4 player4 7 1 86 2
round 131
#corps
0 6 0
1 14 0
2 14 5
3 3 5
5 11 0
6 8 8
7 3 8
8 4 4
9 10 2
10 4 11
11 3 11
12 4 4
13 10 2
14 10 11
15 3 11
16 4 4
17 10 2
18 13 11
19 3 11
20 4 4
21 10 2
22 13 11
23 3 11
24 4 4
25 10 2
26 13 11
27 3 11
#tower
0 4 4
1 10 2
2 13 11 3 40 2 20 220 41 7 0
3 3 11
#map
#players
1 player1 6 1 82 4
2 player2 7 1 86 1
3 player3 7 1 86 2
4 player4 7 1 86 3
round 132
#corps
0 6 0
1 14 0
2 14 5
3 3 5
5 11 0
6 8 8
7 3 8
8 4 4
9 10 2
10 4 11
11 3 11
12 4 4
13 10 2
14 10 11
15 3 11
16 4 4
17 10 2
18 13 11
19 3 11
20 4 4
21 10 2
22 13 11
23 3 11
24 4 4
25 10 2
26 13 11
27 3 11
#tower
0 4 4
1 10 2
2 13 11
3 3 11 4 40 2 20 220 41 7 0
#map
#players
1 player1 6 1 82 4
2 player2 7 1 86 1
3 player3 7 1 86 2
4 player4 7 1 86 3
round 133
#corps
0 6 0
1 14 0
2 14 5
3 3 5
5 11 0
6 8 8
7 3 8
8 4 4
9 10 2
10 4 11
11 3 11
12 4 4
13 10 2
14 10 11
15 3 11
16 4 4
17 10 2
18 13 11
19 3 11
20 4 4
21 10 2
22 13 11
23 3 11
24 4 4
25 10 2
26 13 11
27 3 11
28 4 4
#tower
0 4 4 1 40 2 60 220 41 7 0
1 10 2
2 13 11
3 3 11
#map
#players
1 player1 7 1 84 4
2 player2 7 1 86 1
3 player3 7 1 86 2
4 player4 7 1 86 3
round 134
#corps
0 6 0
1 14 0
2 14 5
3 3 5
5 11 0
6 8 8
7 3 8
8 4 4
9 10 2
10 4 11
11 3 11
12 4 4
13 10 2
14 10 11
15 3 11
16 4 4
17 10 2
18 13 11
19 3 11
20 4 4
21 10 2
22 13 11
23 3 11
24 4 4
25 10 2
26 13 11
27 3 11
28 4 4
29 10 2
#tower
0 4 4
1 10 2 2 40 2 60 220 41 7 0
2 13 11
3 3 11
#map
#players
1 player1 7 1 84 4
2 player2 8 1 88 1
3 player3 7 1 86 2
4 player4 7 1 86 3
round 135
#corps
0 6 0
1 14 0
2 14 5
3 3 5
5 11 0
6 8 8
7 3 8
8 4 4
9 10 2
10 4 11
11 3 11
12 4 4
13 10 2
14 10 11
15 3 11
16 4 4
17 10 2
18 13 11
19 3 11
20 4 4
21 10 2
22 13 11
23 3 11
24 4 4
25 10 2
26 13 11
27 3 11
28 4 4
29 10 2
#tower
0 4 4
1 10 2
2 13 11 3 40 -1 -1 220 41 7 0
3 3 11
#map
#players
1 player1 7 1 84 4
2 player2 8 1 88 1
3 player3 7 1 86 3
4 player4 7 1 86 2
round 136
#corps
0 6 0
1 14 0
2 14 5
3 3 5
5 11 0
6 8 8
7 3 8
8 4 4
9 10 2
10 4 11
11 3 11
12 4 4
13 10 2
14 10 11
15 3 11
16 4 4
17 10 2
18 13 11
19 3 11
20 4 4
21 10 2
22 13 11
23 3 11
24 4 4
25 10 2
26 13 11
27 3 11
28 4 4
29 10 2
#tower
0 4 4
1 10 2
2 13 11
3 3 11 4 40 -1 -1 220 41 7 0
#map
#players
1 player1 7 1 84 4
2 player2 8 1 88 1
3 player3 7 1 86 3
4 player4 7 1 86 2
round 137
#corps
0 6 0
1 