round 0
#corps
#tower
0 1 1 1 10 -1 -1 100 25 1 1
1 12 1 2 10 -1 -1 100 25 1 1
2 13 11 3 10 -1 -1 100 25 1 1
3 4 13 4 10 -1 -1 100 25 1 1
#map
0 0 5 1
1 0 5 1
2 0 5 1
3 0 2 1
4 0 5 1
5 0 1 1
6 0 1 0
7 0 5 0
8 0 5 0
9 0 2 2
10 0 5 2
11 0 5 2
12 0 5 2
13 0 5 2
14 0 5 2
0 1 5 1
1 1 0 1
2 1 5 1
3 1 5 1
4 1 5 1
5 1 1 1
6 1 5 0
7 1 5 0
8 1 3 0
9 1 4 2
10 1 5 2
11 1 5 2
12 1 0 2
13 1 5 2
14 1 5 2
0 2 5 1
1 2 5 1
2 2 5 1
3 2 1 1
4 2 1 1
5 2 2 1
6 2 2 0
7 2 3 0
8 2 5 0
9 2 3 2
10 2 1 2
11 2 5 2
12 2 5 2
13 2 5 2
14 2 5 2
0 3 5 1
1 3 1 1
2 3 1 1
3 3 1 1
4 3 1 1
5 3 4 1
6 3 1 0
7 3 1 0
8 3 2 0
9 3 1 2
10 3 1 2
11 3 2 2
12 3 2 2
13 3 2 2
14 3 2 2
0 4 1 1
1 4 1 1
2 4 1 1
3 4 1 1
4 4 1 1
5 4 3 1
6 4 2 0
7 4 1 0
8 4 4 0
9 4 5 2
10 4 1 2
11 4 1 2
12 4 5 2
13 4 2 2
14 4 2 2
0 5 5 1
1 5 1 1
2 5 1 1
3 5 1 1
4 5 1 1
5 5 5 1
6 5 2 0
7 5 3 0
8 5 5 0
9 5 4 2
10 5 2 2
11 5 3 2
12 5 5 2
13 5 1 2
14 5 5 2
0 6 5 0
1 6 1 0
2 6 1 0
3 6 1 0
4 6 2 0
5 6 2 0
6 6 1 0
7 6 3 0
8 6 2 0
9 6 5 0
10 6 1 0
11 6 1 0
12 6 3 0
13 6 5 0
14 6 1 0
0 7 1 0
1 7 1 0
2 7 1 0
3 7 1 0
4 7 1 0
5 7 1 0
6 7 1 0
7 7 1 0
8 7 5 0
9 7 5 0
10 7 5 0
11 7 1 0
12 7 1 0
13 7 3 0
14 7 3 0
0 8 3 0
1 8 1 0
2 8 1 0
3 8 1 0
4 8 1 0
5 8 1 0
6 8 1 0
7 8 1 0
8 8 5 0
9 8 5 0
10 8 5 0
11 8 1 0
12 8 1 0
13 8 5 0
14 8 1 0
0 9 2 4
1 9 1 4
2 9 1 4
3 9 1 4
4 9 1 4
5 9 1 4
6 9 1 0
7 9 2 0
8 9 5 0
9 9 5 3
10 9 5 3
11 9 1 3
12 9 1 3
13 9 1 3
14 9 2 3
0 10 3 4
1 10 2 4
2 10 3 4
3 10 1 4
4 10 1 4
5 10 1 4
6 10 2 0
7 10 1 0
8 10 5 0
9 10 5 3
10 10 3 3
11 10 1 3
12 10 5 3
13 10 5 3
14 10 5 3
0 11 1 4
1 11 2 4
2 11 5 4
3 11 5 4
4 11 2 4
5 11 3 4
6 11 2 0
7 11 5 0
8 11 5 0
9 11 1 3
10 11 5 3
11 11 1 3
12 11 5 3
13 11 0 3
14 11 5 3
0 12 5 4
1 12 3 4
2 12 5 4
3 12 5 4
4 12 5 4
5 12 5 4
6 12 1 0
7 12 5 0
8 12 2 0
9 12 2 3
10 12 4 3
11 12 1 3
12 12 5 3
13 12 5 3
14 12 5 3
0 13 5 4
1 13 3 4
2 13 1 4
3 13 5 4
4 13 0 4
5 13 5 4
6 13 5 0
7 13 5 0
8 13 3 0
9 13 2 3
10 13 2 3
11 13 2 3
12 13 1 3
13 13 1 3
14 13 5 3
0 14 5 4
1 14 1 4
2 14 3 4
3 14 5 4
4 14 5 4
5 14 5 4
6 14 1 0
7 14 5 0
8 14 1 0
9 14 1 3
10 14 5 3
11 14 2 3
12 14 1 3
13 14 1 3
14 14 2 3
#players
1 player1 0 1 10 1
2 player2 0 1 10 2
3 player3 0 1 10 3
4 player4 0 1 10 4

round 1
#corps
#tower
0 1 1 1 10 2 90 100 25 1 0
1 12 1 
2 13 11 
3 4 13 
#map
#players
1 player1 0 1 10 2
2 player2 0 1 10 3
3 player3 0 1 10 4
4 player4 0 1 10 1

round 2
#corps
#tower
0 1 1 
1 12 1 2 10 2 90 100 25 1 0
2 13 11 
3 4 13 
#map
#players
1 player1 0 1 10 4
2 player2 0 1 10 2
3 player3 0 1 10 1
4 player4 0 1 10 3

round 3
#corps
#tower
0 1 1 
1 12 1 
2 13 11 3 10 4 30 100 25 1 0
3 4 13 
#map
#players
1 player1 0 1 10 2
2 player2 0 1 10 3
3 player3 0 1 10 1
4 player4 0 1 10 4

round 4
#corps
#tower
0 1 1 
1 12 1 
2 13 11 
3 4 13 4 10 2 90 100 25 1 0
#map
#players
1 player1 0 1 10 2
2 player2 0 1 10 1
3 player3 0 1 10 3
4 player4 0 1 10 4

round 5
#corps
#tower
0 1 1 1 10 2 80 100 25 1 0
1 12 1 
2 13 11 
3 4 13 
#map
#players
1 player1 0 1 10 1
2 player2 0 1 10 3
3 player3 0 1 10 4
4 player4 0 1 10 2

round 6
#corps
#tower
0 1 1 
1 12 1 2 10 2 80 100 25 1 0
2 13 11 
3 4 13 
#map
#players
1 player1 0 1 10 3
2 player2 0 1 10 1
3 player3 0 1 10 4
4 player4 0 1 10 2

round 7
#corps
#tower
0 1 1 
1 12 1 
2 13 11 3 10 4 20 100 25 1 0
3 4 13 
#map
#players
1 player1 0 1 10 2
2 player2 0 1 10 1
3 player3 0 1 10 4
4 player4 0 1 10 3

round 8
#corps
#tower
0 1 1 
1 12 1 
2 13 11 
3 4 13 4 10 2 80 100 25 1 0
#map
#players
1 player1 0 1 10 2
2 player2 0 1 10 1
3 player3 0 1 10 4
4 player4 0 1 10 3

round 9
#corps
#tower
0 1 1 1 10 2 70 100 25 1 0
1 12 1 
2 13 11 
3 4 13 
#map
#players
1 player1 0 1 10 3
2 player2 0 1 10 2
3 player3 0 1 10 4
4 player4 0 1 10 1

round 10
#corps
#tower
0 1 1 
1 12 1 2 10 2 70 100 25 1 0
2 13 11 
3 4 13 
#map
#players
1 player1 0 1 10 3
2 player2 0 1 10 4
3 player3 0 1 10 1
4 player4 0 1 10 2

round 11
#corps
#tower
0 1 1 
1 12 1 
2 13 11 3 10 4 10 100 25 1 0
3 4 13 
#map
#players
1 player1 0 1 10 3
2 player2 0 1 10 4
3 player3 0 1 10 1
4 player4 0 1 10 2

round 12
#corps
#tower
0 1 1 
1 12 1 
2 13 11 
3 4 13 4 10 2 70 100 25 1 0
#map
#players
1 player1 0 1 10 1
2 player2 0 1 10 3
3 player3 0 1 10 2
4 player4 0 1 10 4

round 13
#corps
#tower
0 1 1 1 10 2 60 100 25 1 0
1 12 1 
2 13 11 
3 4 13 
#map
#players
1 player1 0 1 10 4
2 player2 0 1 10 1
3 player3 0 1 10 3
4 player4 0 1 10 2

round 14
#corps
#tower
0 1 1 
1 12 1 2 10 2 60 100 25 1 0
2 13 11 
3 4 13 
#map
#players
1 player1 0 1 10 1
2 player2 0 1 10 4
3 player3 0 1 10 2
4 player4 0 1 10 3

round 15
#corps
0 13 11 3 4 0 2 -1 -1 1 
#tower
0 1 1 
1 12 1 
2 13 11 3 10 -1 -1 100 25 1 0
3 4 13 
#map
#players
1 player1 0 1 10 3
2 player2 0 1 10 4
3 player3 1 1 14 1
4 player4 0 1 10 2

round 16
#corps
0 13 11 
#tower
0 1 1 
1 12 1 
2 13 11 
3 4 13 4 10 2 60 100 25 1 0
#map
#players
1 player1 0 1 10 3
2 player2 0 1 10 4
3 player3 1 1 14 1
4 player4 0 1 10 2

round 17
#corps
0 13 11 
#tower
0 1 1 1 10 2 50 100 25 1 0
1 12 1 
2 13 11 
3 4 13 
#map
#players
1 player1 0 1 10 2
2 player2 0 1 10 3
3 player3 1 1 14 1
4 player4 0 1 10 4

round 18
#corps
0 13 11 
#tower
0 1 1 
1 12 1 2 10 2 50 100 25 1 0
2 13 11 
3 4 13 
#map
#players
1 player1 0 1 10 2
2 player2 0 1 10 4
3 player3 1 1 14 1
4 player4 0 1 10 3

round 19
#corps
#tower
0 1 1 
1 12 1 
2 13 11 3 10 4 30 100 25 1 0
3 4 13 
4 14 11 3 10 -1 -1 100 25 1 1
#map
9 6 5 3
10 6 1 3
11 6 1 3
12 6 3 3
13 6 5 3
14 6 1 3
9 7 5 3
10 7 5 3
11 7 1 3
12 7 1 3
13 7 3 3
14 7 3 3
9 8 5 3
10 8 5 3
11 8 1 3
12 8 1 3
13 8 5 3
14 8 1 3
14 11 0 3
#players
1 player1 0 1 10 2
2 player2 0 1 10 4
3 player3 0 2 20 1
4 player4 0 1 10 3

round 20
#corps
#tower
0 1 1 
1 12 1 
2 13 11 
3 4 13 4 10 2 50 100 25 1 0
4 14 11 
#map
#players
1 player1 0 1 10 2
2 player2 0 1 10 3
3 player3 0 2 20 1
4 player4 0 1 10 4

round 21
#corps
#tower
0 1 1 1 10 2 40 100 25 1 0
1 12 1 
2 13 11 
3 4 13 
4 14 11 
#map
#players
1 player1 0 1 10 4
2 player2 0 1 10 2
3 player3 0 2 20 1
4 player4 0 1 10 3

round 22
#corps
#tower
0 1 1 
1 12 1 2 10 2 40 100 25 1 0
2 13 11 
3 4 13 
4 14 11 
#map
#players
1 player1 0 1 10 2
2 player2 0 1 10 4
3 player3 0 2 20 1
4 player4 0 1 10 3

round 23
#corps
#tower
0 1 1 
1 12 1 
2 13 11 3 10 4 20 100 25 1 0
3 4 13 
4 14 11 3 10 4 30 100 25 1 0
#map
#players
1 player1 0 1 10 2
2 player2 0 1 10 4
3 player3 0 2 20 1
4 player4 0 1 10 3

round 24
#corps
#tower
0 1 1 
1 12 1 
2 13 11 
3 4 13 4 10 2 40 100 25 1 0
4 14 11 
#map
#players
1 player1 0 1 10 3
2 player2 0 1 10 4
3 player3 0 2 20 1
4 player4 0 1 10 2

round 25
#corps
#tower
0 1 1 1 10 2 30 100 25 1 0
1 12 1 
2 13 11 
3 4 13 
4 14 11 
#map
#players
1 player1 0 1 10 2
2 player2 0 1 10 3
3 player3 0 2 20 1
4 player4 0 1 10 4

round 26
#corps
#tower
0 1 1 
1 12 1 2 10 2 30 100 25 1 0
2 13 11 
3 4 13 
4 14 11 
#map
#players
1 player1 0 1 10 4
2 player2 0 1 10 3
3 player3 0 2 20 1
4 player4 0 1 10 2

round 27
#corps
#tower
0 1 1 
1 12 1 
2 13 11 3 10 4 10 100 25 1 0
3 4 13 
4 14 11 3 10 4 20 100 25 1 0
#map
#players
1 player1 0 1 10 2
2 player2 0 1 10 4
3 player3 0 2 20 1
4 player4 0 1 10 3

round 28
#corps
#tower
0 1 1 
1 12 1 
2 13 11 
3 4 13 4 10 2 30 100 25 1 0
4 14 11 
#map
#players
1 player1 0 1 10 2
2 player2 0 1 10 3
3 player3 0 2 20 1
4 player4 0 1 10 4

round 29
#corps
#tower
0 1 1 1 10 2 20 100 25 1 0
1 12 1 
2 13 11 
3 4 13 
4 14 11 
#map
#players
1 player1 0 1 10 2
2 player2 0 1 10 3
3 player3 0 2 20 1
4 player4 0 1 10 4

round 30
#corps
#tower
0 1 1 
1 12 1 2 10 2 20 100 25 1 0
2 13 11 
3 4 13 
4 14 11 
#map
#players
1 player1 0 1 10 3
2 player2 0 1 10 2
3 player3 0 2 20 1
4 player4 0 1 10 4

round 31
#corps
1 13 11 3 4 0 2 -1 -1 1 
#tower
0 1 1 
1 12 1 
2 13 11 3 10 -1 -1 100 25 1 0
3 4 13 
4 14 11 3 10 4 10 100 25 1 0
#map
#players
1 player1 0 1 10 4
2 player2 0 1 10 2
3 player3 1 2 24 1
4 player4 0 1 10 3

round 32
#corps
1 13 11 
#tower
0 1 1 
1 12 1 
2 13 11 
3 4 13 4 10 2 20 100 25 1 0
4 14 11 
#map
#players
1 player1 0 1 10 2
2 player2 0 1 10 3
3 player3 1 2 24 1
4 player4 0 1 10 4

round 33
#corps
1 13 11 
#tower
0 1 1 1 10 2 10 100 25 1 0
1 12 1 
2 13 11 
3 4 13 
4 14 11 
#map
#players
1 player1 0 1 10 2
2 player2 0 1 10 3
3 player3 1 2 24 1
4 player4 0 1 10 4

round 34
#corps
1 13 11 
#tower
0 1 1 
1 12 1 2 10 2 10 100 25 1 0
2 13 11 
3 4 13 
4 14 11 
#map
#players
1 player1 0 1 10 2
2 player2 0 1 10 4
3 player3 1 2 24 1
4 player4 0 1 10 3

round 35
#corps
2 14 11 3 4 0 2 -1 -1 1 
#tower
0 1 1 
1 12 1 
2 13 11 3 10 4 30 100 25 1 0
3 4 13 
4 14 11 3 10 -1 -1 100 25 1 0
5 12 11 3 10 -1 -1 100 25 1 1
#map
7 6 3 3
8 6 2 3
7 7 1 3
8 7 5 3
7 8 1 3
8 8 5 3
7 9 2 3
8 9 5 3
7 10 1 3
8 10 5 3
7 11 5 3
8 11 5 3
12 11 0 3
7 12 5 3
8 12 2 3
7 13 5 3
8 13 3 3
7 14 5 3
8 14 1 3
#players
1 player1 0 1 10 2
2 player2 0 1 10 3
3 player3 1 3 34 1
4 player4 0 1 10 4

round 36
#corps
2 14 11 
#tower
0 1 1 
1 12 1 
2 13 11 
3 4 13 4 10 2 10 100 25 1 0
4 14 11 
5 12 11 
#map
#players
1 player1 0 1 10 4
2 player2 0 1 10 2
3 player3 1 3 34 1
4 player4 0 1 10 3

round 37
#corps
2 14 11 
3 1 1 1 2 -1 4 44 70 1 
#tower
0 1 1 1 10 -1 -1 100 25 1 0
1 12 1 
2 13 11 
3 4 13 
4 14 11 
5 12 11 
#map
#players
1 player1 1 1 14 2
2 player2 0 1 10 4
3 player3 1 3 34 1
4 player4 0 1 10 3

round 38
#corps
2 14 11 
3 1 1 
4 12 1 2 2 -1 4 44 70 1 
#tower
0 1 1 
1 12 1 2 10 -1 -1 100 25 1 0
2 13 11 
3 4 13 
4 14 11 
5 12 11 
#map
#players
1 player1 1 1 14 2
2 player2 1 1 14 3
3 player3 1 3 34 1
4 player4 0 1 10 4

round 39
#corps
3 1 1 
4 12 1 
#tower
0 1 1 
1 12 1 
2 13 11 3 10 4 20 100 25 1 0
3 4 13 
4 14 11 3 10 4 30 100 25 1 0
5 12 11 3 10 4 30 100 25 1 0
6 14 12 3 10 -1 -1 100 25 1 1
#map
14 12 0 3
#players
1 player1 1 1 14 2
2 player2 1 1 14 3
3 player3 0 4 40 1
4 player4 0 1 10 4

round 40
#corps
3 1 1 
4 12 1 
5 4 13 4 2 -1 4 44 70 1 
#tower
0 1 1 
1 12 1 
2 13 11 
3 4 13 4 10 -1 -1 100 25 1 0
4 14 11 
5 12 11 
6 14 12 
#map
#players
1 player1 1 1 14 3
2 player2 1 1 14 2
3 player3 0 4 40 1
4 player4 1 1 14 4

round 41
#corps
3 2 1 1 2 -1 3 44 70 0 
4 12 1 
5 4 13 
#tower
0 1 1 1 10 2 90 100 25 1 0
1 12 1 
2 13 11 
3 4 13 
4 14 11 
5 12 11 
6 14 12 
#map
#players
1 player1 1 1 14 2
2 player2 1 1 14 4
3 player3 0 4 40 1
4 player4 1 1 14 3

round 42
#corps
3 2 1 
4 13 1 2 2 -1 3 44 70 0 
5 4 13 
#tower
0 1 1 
1 12 1 2 10 2 90 100 25 1 0
2 13 11 
3 4 13 
4 14 11 
5 12 11 
6 14 12 
#map
#players
1 player1 1 1 14 2
2 player2 1 1 14 3
3 player3 0 4 40 1
4 player4 1 1 14 4

round 43
#corps
3 2 1 
4 13 1 
5 4 13 
#tower
0 1 1 
1 12 1 
2 13 11 3 10 4 10 100 25 1 0
3 4 13 
4 14 11 3 10 4 20 100 25 1 0
5 12 11 3 10 4 20 100 25 1 0
6 14 12 3 10 4 30 100 25 1 0
#map
#players
1 player1 1 1 14 3
2 player2 1 1 14 4
3 player3 0 4 40 1
4 player4 1 1 14 2

round 44
#corps
3 2 1 
4 13 1 
5 5 13 4 2 -1 3 44 70 0 
#tower
0 1 1 
1 12 1 
2 13 11 
3 4 13 4 10 2 90 100 25 1 0
4 14 11 
5 12 11 
6 14 12 
#map
#players
1 player1 1 1 14 4
2 player2 1 1 14 2
3 player3 0 4 40 1
4 player4 1 1 14 3

round 45
#corps
3 3 1 1 2 -1 3 44 70 0 
4 13 1 
5 5 13 
#tower
0 1 1 1 10 2 80 100 25 1 0
1 12 1 
2 13 11 
3 4 13 
4 14 11 
5 12 11 
6 14 12 
#map
#players
1 player1 1 1 14 2
2 player2 1 1 14 4
3 player3 0 4 40 1
4 player4 1 1 14 3

round 46
#corps
3 3 1 
4 13 2 2 2 -1 3 44 70 0 
5 5 13 
#tower
0 1 1 
1 12 1 2 10 2 80 100 25 1 0
2 13 11 
3 4 13 
4 14 11 
5 12 11 
6 14 12 
#map
#players
1 player1 1 1 14 3
2 player2 1 1 14 4
3 player3 0 4 40 1
4 player4 1 1 14 2

round 47
#corps
3 3 1 
4 13 2 
5 5 13 
6 13 11 3 4 0 2 -1 -1 1 
#tower
0 1 1 
1 12 1 
2 13 11 3 10 -1 -1 100 25 1 0
3 4 13 
4 14 11 3 10 4 10 100 25 1 0
5 12 11 3 10 4 10 100 25 1 0
6 14 12 3 10 4 20 100 25 1 0
#map
#players
1 player1 1 1 14 3
2 player2 1 1 14 2
3 player3 1 4 44 1
4 player4 1 1 14 4

round 48
#corps
3 3 1 
4 13 2 
5 6 13 4 2 -1 3 44 70 0 
6 13 11 
#tower
0 1 1 
1 12 1 
2 13 11 
3 4 13 4 10 2 80 100 25 1 0
4 14 11 
5 12 11 
6 14 12 
#map
#players
1 player1 1 1 14 3
2 player2 1 1 14 2
3 player3 1 4 44 1
4 player4 1 1 14 4

round 49
#corps
3 4 1 1 2 -1 3 44 70 0 
4 13 2 
5 6 13 
6 13 11 
#tower
0 1 1 1 10 2 70 100 25 1 0
1 12 1 
2 13 11 
3 4 13 
4 14 11 
5 12 11 
6 14 12 
#map
#players
1 player1 1 1 14 3
2 player2 1 1 14 2
3 player3 1 4 44 1
4 player4 1 1 14 4

round 50
#corps
3 4 1 
4 13 3 2 2 -1 1 49 70 0 
5 6 13 
6 13 11 
#tower
0 1 1 
1 12 1 2 10 2 70 100 25 1 0
2 13 11 
3 4 13 
4 14 11 
5 12 11 
6 14 12 
#map
#players
1 player1 1 1 14 4
2 player2 1 1 14 3
3 player3 1 4 44 1
4 player4 1 1 14 2

round 51
#corps
3 4 1 
4 13 3 
5 6 13 
7 14 11 3 4 0 2 -1 -1 1 
8 12 11 3 4 0 2 -1 -1 1 
#tower
0 1 1 
1 12 1 
2 13 11 3 10 4 30 100 25 1 0
3 4 13 
4 14 11 3 10 -1 -1 100 25 1 0
5 12 11 3 10 -1 -1 100 25 1 0
6 14 12 3 10 4 10 100 25 1 0
7 13 12 3 10 -1 -1 100 25 1 1
#map
13 12 0 3
#players
1 player1 1 1 14 2
2 player2 1 1 14 3
3 player3 2 5 58 1
4 player4 1 1 14 4

round 52
#corps
3 4 1 
4 13 3 
5 7 13 4 2 -1 3 44 70 0 
7 14 11 
8 12 11 
#tower
0 1 1 
1 12 1 
2 13 11 
3 4 13 4 10 2 70 100 25 1 0
4 14 11 
5 12 11 
6 14 12 
7 13 12 
#map
#players
1 player1 1 1 14 3
2 player2 1 1 14 2
3 player3 2 5 58 1
4 player4 1 1 14 4

round 53
#corps
3 5 1 1 2 -1 2 44 70 0 
4 13 3 
5 7 13 
7 14 11 
8 12 11 
#tower
0 1 1 1 10 2 60 100 25 1 0
1 12 1 
2 13 11 
3 4 13 
4 14 11 
5 12 11 
6 14 12 
7 13 12 
#map
#players
1 player1 1 1 14 2
2 player2 1 1 14 3
3 player3 2 5 58 1
4 player4 1 1 14 4

round 54
#corps
3 5 1 
4 13 4 2 2 -1 0 49 70 0 
5 7 13 
7 14 11 
8 12 11 
#tower
0 1 1 
1 12 1 2 10 2 60 100 25 1 0
2 13 11 
3 4 13 
4 14 11 
5 12 11 
6 14 12 
7 13 12 
#map
#players
1 player1 1 1 14 4
2 player2 1 1 14 3
3 player3 2 5 58 1
4 player4 1 1 14 2

round 55
#corps
3 5 1 
4 13 4 
5 7 13 
9 14 12 3 4 0 2 -1 -1 1 
#tower
0 1 1 
1 12 1 
2 13 11 3 10 4 20 100 25 1 0
3 4 13 
4 14 11 3 10 4 30 100 25 1 0
5 12 11 3 10 4 30 100 25 1 0
6 14 12 3 10 -1 -1 100 25 1 0
7 13 12 3 10 4 30 100 25 1 0
8 14 10 3 10 -1 -1 100 25 1 1
9 11 11 3 10 -1 -1 100 25 1 1
#map
6 6 1 3
6 7 1 3
6 8 1 3
6 9 1 3
6 10 2 3
14 10 0 3
6 11 2 3
11 11 0 3
6 12 1 3
6 13 5 3
6 14 1 3
#players
1 player1 1 1 14 4
2 player2 1 1 14 3
3 player3 1 7 74 1
4 player4 1 1 14 2

round 56
#corps
3 5 1 
4 13 4 
5 8 13 4 2 -1 2 47 70 0 
9 14 12 
#tower
0 1 1 
1 12 1 
2 13 11 
3 4 13 4 10 2 60 100 25 1 0
4 14 11 
5 12 11 
6 14 12 
7 13 12 
8 14 10 
9 11 11 
#map
#players
1 player1 1 1 14 4
2 player2 1 1 14 3
3 player3 1 7 74 1
4 player4 1 1 14 2

round 57
#corps
3 6 1 1 2 -1 2 44 70 0 
4 13 4 
5 8 13 
9 14 12 
#tower
0 1 1 1 10 2 50 100 25 1 0
1 12 1 
2 13 11 
3 4 13 
4 14 11 
5 12 11 
6 14 12 
7 13 12 
8 14 10 
9 11 11 
#map
#players
1 player1 1 1 14 2
2 player2 1 1 14 3
3 player3 1 7 74 1
4 player4 1 1 14 4

round 58
#corps
3 6 1 
4 13 5 2 2 -1 1 44 70 0 
5 8 13 
9 14 12 
#tower
0 1 1 
1 12 1 2 10 2 50 100 25 1 0
2 13 11 
3 4 13 
4 14 11 
5 12 11 
6 14 12 
7 13 12 
8 14 10 
9 11 11 
#map
#players
1 player1 1 1 14 3
2 player2 1 1 14 4
3 player3 1 7 74 1
4 player4 1 1 14 2

round 59
#corps
3 6 1 
4 13 5 
5 8 13 
#tower
0 1 1 
1 12 1 
2 13 11 3 10 4 10 100 25 1 0
3 4 13 
4 14 11 3 10 5 30 100 25 1 0
5 12 11 3 10 4 20 100 25 1 0
6 14 12 3 10 4 30 100 25 1 0
7 13 12 3 10 4 20 100 25 1 0
8 14 10 3 10 4 30 100 25 1 0
9 11 11 3 10 4 30 100 25 1 0
10 14 13 3 10 -1 -1 100 25 1 1
#map
14 13 0 3
#players
1 player1 1 1 14 2
2 player2 1 1 14 3
3 player3 0 8 80 1
4 player4 1 1 14 4

round 60
#corps
3 6 1 
4 13 5 
5 9 13 4 2 -1 0 49 70 0 
#tower
0 1 1 
1 12 1 
2 13 11 
3 4 13 4 10 2 50 100 25 1 0
4 14 11 
5 12 11 
6 14 12 
7 13 12 
8 14 10 
9 11 11 
10 14 13 
#map
#players
1 player1 1 1 14 2
2 player2 1 1 14 4
3 player3 0 8 80 1
4 player4 1 1 14 3

round 61
#corps
3 7 1 1 2 -1 3 44 70 0 
4 13 5 
5 9 13 
#tower
0 1 1 1 10 2 40 100 25 1 0
1 12 1 
2 13 11 
3 4 13 
4 14 11 
5 12 11 
6 14 12 
7 13 12 
8 14 10 
9 11 11 
10 14 13 
#map
#players
1 player1 1 1 14 2
2 player2 1 1 14 3
3 player3 0 8 80 1
4 player4 1 1 14 4

round 62
#corps
3 7 1 
4 13 6 2 2 -1 2 44 70 0 
5 9 13 
#tower
0 1 1 
1 12 1 2 10 2 40 100 25 1 0
2 13 11 
3 4 13 
4 14 11 
5 12 11 
6 14 12 
7 13 12 
8 14 10 
9 11 11 
10 14 13 
#map
#players
1 player1 1 1 14 3
2 player2 1 1 14 2
3 player3 0 8 80 1
4 player4 1 1 14 4

round 63
#corps
3 7 1 
4 13 6 
5 9 13 
10 13 11 3 4 0 2 -1 -1 1 
#tower
0 1 1 
1 12 1 
2 13 11 3 10 -1 -1 100 25 1 0
3 4 13 
4 14 11 3 10 5 20 100 25 1 0
5 12 11 3 10 4 10 100 25 1 0
6 14 12 3 10 5 30 100 25 1 0
7 13 12 3 10 4 10 100 25 1 0
8 14 10 3 10 4 20 100 25 1 0
9 11 11 3 10 4 20 100 25 1 0
10 14 13 3 10 4 30 100 25 1 0
#map
#players
1 player1 1 1 14 2
2 player2 1 1 14 3
3 player3 1 8 84 1
4 player4 1 1 14 4

round 64
#corps
3 7 1 
4 13 6 
5 10 13 4 2 -1 0 49 70 0 
10 13 11 
#tower
0 1 1 
1 12 1 
2 13 11 
3 4 13 4 10 2 40 100 25 1 0
4 14 11 
5 12 11 
6 14 12 
7 13 12 
8 14 10 
9 11 11 
10 14 13 
#map
#players
1 player1 1 1 14 2
2 player2 1 1 14 3
3 player3 1 8 84 1
4 player4 1 1 14 4

round 65
#corps
3 8 1 1 2 -1 2 47 70 0 
4 13 6 
5 10 13 
10 13 11 
#tower
0 1 1 1 10 2 30 100 25 1 0
1 12 1 
2 13 11 
3 4 13 
4 14 11 
5 12 11 
6 14 12 
7 13 12 
8 14 10 
9 11 11 
10 14 13 
#map
#players
1 player1 1 1 14 4
2 player2 1 1 14 3
3 player3 1 8 84 1
4 player4 1 1 14 2

round 66
#corps
3 8 1 
4 13 7 2 2 -1 2 47 70 0 
5 10 13 
10 13 11 
#tower
0 1 1 
1 12 1 2 10 2 30 100 25 1 0
2 13 11 
3 4 13 
4 14 11 
5 12 11 
6 14 12 
7 13 12 
8 14 10 
9 11 11 
10 14 13 
#map
#players
1 player1 1 1 14 2
2 player2 1 1 14 4
3 player3 1 8 84 1
4 player4 1 1 14 3

round 67
#corps
3 8 1 
4 13 7 
5 10 13 
11 12 11 3 4 0 2 -1 -1 1 
12 13 12 3 4 0 2 -1 -1 1 
#tower
0 1 1 
1 12 1 
2 13 11 3 10 4 30 100 25 1 0
3 4 13 
4 14 11 3 10 5 10 100 25 1 0
5 12 11 3 10 -1 -1 100 25 1 0
6 14 12 3 10 5 20 100 25 1 0
7 13 12 3 10 -1 -1 100 25 1 0
8 14 10 3 10 4 10 100 25 1 0
9 11 11 3 10 4 10 100 25 1 0
10 14 13 3 10 4 20 100 25 1 0
11 13 10 3 10 -1 -1 100 25 1 1
#map
8 5 5 3
9 5 4 -1
10 5 2 -1
11 5 3 -1
12 5 5 -1
13 5 1 -1
14 5 5 -1
13 10 0 3
#players
1 player1 1 1 14 4
2 player2 1 1 14 3
3 player3 2 9 98 1
4 player4 1 1 14 2

round 68
#corps
3 8 1 
4 13 7 
5 11 13 4 2 -1 0 49 70 0 
11 12 11 
12 13 12 
#tower
0 1 1 
1 12 1 
2 13 11 
3 4 13 4 10 2 30 100 25 1 0
4 14 11 
5 12 11 
6 14 12 
7 13 12 
8 14 10 
9 11 11 
10 14 13 
11 13 10 
#map
#players
1 player1 1 1 14 4
2 player2 1 1 14 2
3 player3 2 9 98 1
4 player4 1 1 14 3

round 69
#corps
3 9 1 1 2 -1 0 41 70 0 
4 13 7 
5 11 13 
11 12 11 
12 13 12 
#tower
0 1 1 1 10 2 20 100 25 1 0
1 12 1 
2 13 11 
3 4 13 
4 14 11 
5 12 11 
6 14 12 
7 13 12 
8 14 10 
9 11 11 
10 14 13 
11 13 10 
#map
#players
1 player1 1 1 14 3
2 player2 1 1 14 2
3 player3 2 9 98 1
4 player4 1 1 14 4

round 70
#corps
3 9 1 
4 13 8 2 2 -1 2 44 70 0 
5 11 13 
11 12 11 
12 13 12 
#tower
0 1 1 
1 12 1 2 10 2 20 100 25 1 0
2 13 11 
3 4 13 
4 14 11 
5 12 11 
6 14 12 
7 13 12 
8 14 10 
9 11 11 
10 14 13 
11 13 10 
#map
#players
1 player1 1 1 14 3
2 player2 1 1 14 4
3 player3 2 9 98 1
4 player4 1 1 14 2

round 71
#corps
3 9 1 
4 13 8 
5 11 13 
12 13 12 
#tower
0 1 1 
1 12 1 
2 13 11 
3 4 13 
4 14 11 3 15 -1 -1 120 27 2 0
5 12 11 3 10 -1 -1 100 25 1 0
6 14 12 3 10 5 10 100 25 1 0
7 13 12 3 10 -1 -1 100 25 1 0
8 14 10 
9 11 11 
10 14 13 3 10 5 30 100 25 1 0
11 13 10 3 10 -1 -1 100 25 1 0
12 12 12 3 10 -1 -1 100 25 1 1
#map
12 12 0 3
#players
1 player1 1 1 14 3
2 player2 1 1 14 2
3 player3 1 10 114 1
4 player4 1 1 14 4

round 72
#corps
3 9 1 
4 13 8 
5 12 13 4 2 -1 0 36 56 0 
12 13 12 
#tower
0 1 1 
1 12 1 
2 13 11 
3 4 13 4 10 2 20 100 25 1 0
4 14 11 
5 12 11 
6 14 12 
7 13 12 3 10 -1 -1 71 25 1 0
8 14 10 
9 11 11 
10 14 13 
11 13 10 
12 12 12 
#map
#players
1 player1 1 1 14 4
2 player2 1 1 14 3
3 player3 1 10 114 1
4 player4 1 1 14 2

round 73
#corps
3 10 1 1 2 -1 1 44 70 0 
4 13 8 
5 12 13 
12 13 12 
#tower
0 1 1 1 10 2 10 100 25 1 0
1 12 1 
2 13 11 
3 4 13 
4 14 11 
5 12 11 
6 14 12 
7 13 12 
8 14 10 
9 11 11 
10 14 13 
11 13 10 
12 12 12 
#map
#players
1 player1 1 1 14 2
2 player2 1 1 14 4
3 player3 1 10 114 1
4 player4 1 1 14 3

round 74
#corps
3 10 1 
4 13 9 2 2 -1 0 36 57 0 
5 12 13 
12 13 12 
#tower
0 1 1 
1 12 1 2 10 2 10 100 25 1 0
2 13 11 
3 4 13 
4 14 11 
5 12 11 
6 14 12 
7 13 12 
8 14 10 3 10 4 10 68 25 1 0
9 11 11 
10 14 13 
11 13 10 
12 12 12 
#map
#players
1 player1 1 1 14 3
2 player2 1 1 14 2
3 player3 1 10 114 1
4 player4 1 1 14 4

round 75
#corps
3 10 1 
4 13 9 
5 12 13 
12 13 12 
#tower
0 1 1 
1 12 1 
2 13 11 
3 4 13 
4 14 11 3 15 -1 -1 120 27 2 0
5 12 11 3 10 -1 -1 100 25 1 0
6 14 12 
7 13 12 3 10 -1 -1 71 25 1 0
8 14 10 
9 11 11 
10 14 13 
11 13 10 3 10 -1 -1 100 25 1 0
12 12 12 3 10 -1 -1 100 25 1 0
#map
#players
1 player1 1 1 14 4
2 player2 1 1 14 2
3 player3 1 10 114 1
4 player4 1 1 14 3

round 76
#corps
3 10 1 
4 13 9 
5 13 13 4 2 -1 0 24 37 0 
12 13 12 
#tower
0 1 1 
1 12 1 
2 13 11 
3 4 13 4 10 2 10 100 25 1 0
4 14 11 
5 12 11 
6 14 12 
7 13 12 3 10 -1 -1 50 25 1 0
8 14 10 
9 11 11 
10 14 13 
11 13 10 
12 12 12 
#map
#players
1 player1 1 1 14 2
2 player2 1 1 14 4
3 player3 1 10 114 1
4 player4 1 1 14 3

round 77
#corps
3 11 1 1 2 -1 3 44 70 0 
4 13 9 
5 13 13 
12 13 12 
13 1 1 1 2 -1 4 44 70 1 
#tower
0 1 1 1 10 -1 -1 100 25 1 0
1 12 1 
2 13 11 
3 4 13 
4 14 11 
5 12 11 
6 14 12 
7 13 12 
8 14 10 
9 11 11 
10 14 13 
11 13 10 
12 12 12 
#map
#players
1 player1 2 1 18 2
2 player2 1 1 14 3
3 player3 1 10 114 1
4 player4 1 1 14 4

round 78
#corps
3 11 1 
4 13 9 2 2 -1 0 25 39 0 
5 13 13 
12 13 12 
13 1 1 
14 12 1 2 2 -1 4 44 70 1 
#tower
0 1 1 
1 12 1 2 10 -1 -1 100 25 1 0
2 13 11 
3 4 13 
4 14 11 
5 12 11 
6 14 12 
7 13 12 
8 14 10 3 10 4 10 45 25 1 0
9 11 11 
10 14 13 
11 13 10 
12 12 12 
#map
#players
1 player1 2 1 18 2
2 player2 2 1 18 3
3 player3 1 10 114 1
4 player4 1 1 14 4

round 79
#corps
3 11 1 
4 13 9 
5 13 13 
12 13 12 
13 1 1 
14 12 1 
#tower
0 1 1 
1 12 1 
2 13 11 
3 4 13 
4 14 11 3 15 -1 -1 120 27 2 0
5 12 11 3 10 -1 -1 100 25 1 0
6 14 12 
7 13 12 3 10 3 30 50 25 1 0
8 14 10 3 10 3 30 45 25 1 0
9 11 11 
10 14 13 
11 13 10 3 10 -1 -1 100 25 1 0
12 12 12 3 10 -1 -1 100 25 1 0
#map
#players
1 player1 2 1 18 2
2 player2 2 1 18 3
3 player3 1 10 114 1
4 player4 1 1 14 4

round 80
#corps
3 11 1 
4 13 9 
5 13 13 4 2 -1 0 4 6 0 
12 13 12 
13 1 1 
14 12 1 
15 4 13 4 2 -1 4 44 70 1 
#tower
0 1 1 
1 12 1 
2 13 11 
3 4 13 4 10 -1 -1 100 25 1 0
4 14 11 
5 12 11 
6 14 12 
7 13 12 3 10 3 30 37 25 1 0
8 14 10 
9 11 11 
10 14 13 
11 13 10 
12 12 12 
#map
#players
1 player1 2 1 18 4
2 player2 2 1 18 2
3 player3 1 10 114 1
4 player4 2 1 18 3

round 81
#corps
3 11 1 1 2 -1 4 44 70 0 
4 13 9 
5 13 13 
12 13 12 
13 2 1 1 2 -1 3 44 70 0 
14 12 1 
15 4 13 
#tower
0 1 1 1 10 2 90 100 25 1 0
1 12 1 
2 13 11 
3 4 13 
4 14 11 
5 12 11 
6 14 12 
7 13 12 
8 14 10 
9 11 11 
10 14 13 
11 13 10 
12 12 12 
#map
#players
1 player1 2 1 18 3
2 player2 2 1 18 2
3 player3 1 10 114 1
4 player4 2 1 18 4

round 82
#corps
3 11 1 
4 13 9 2 2 -1 0 7 11 0 
5 13 13 
12 13 12 
13 2 1 
14 13 1 2 2 -1 3 44 70 0 
15 4 13 
#tower
0 1 1 
1 12 1 2 10 2 90 100 25 1 0
2 13 11 
3 4 13 
4 14 11 
5 12 11 
6 14 12 
7 13 12 
8 14 10 3 10 3 30 30 25 1 0
9 11 11 
10 14 13 
11 13 10 
12 12 12 
#map
#players
1 player1 2 1 18 2
2 player2 2 1 18 3
3 player3 1 10 114 1
4 player4 2 1 18 4

round 83
#corps
3 11 1 
4 13 9 
5 13 13 
12 13 12 
13 2 1 
14 13 1 
15 4 13 
#tower
0 1 1 
1 12 1 
2 13 11 
3 4 13 
4 14 11 3 15 -1 -1 120 27 2 0
5 12 11 3 10 -1 -1 100 25 1 0
6 14 12 
7 13 12 3 10 3 20 37 25 1 0
8 14 10 3 10 3 20 30 25 1 0
9 11 11 
10 14 13 
11 13 10 3 10 -1 -1 100 25 1 0
12 12 12 3 10 -1 -1 100 25 1 0
#map
#players
1 player1 2 1 18 2
2 player2 2 1 18 3
3 player3 1 10 114 1
4 player4 2 1 18 4

round 84
#corps
3 11 1 
4 13 9 
12 13 12 
13 2 1 
14 13 1 
15 5 13 4 2 -1 3 44 70 0 
#tower
0 1 1 
1 12 1 
2 13 11 
3 4 13 4 10 2 90 100 25 1 0
4 14 11 
5 12 11 
6 14 12 
7 13 12 3 10 3 20 32 25 1 0
8 14 10 
9 11 11 
10 14 13 
11 13 10 
12 12 12 
#map
#players
1 player1 2 1 18 3
2 player2 2 1 18 2
3 player3 1 10 114 1
4 player4 1 1 14 4

round 85
#corps
3 11 1 
4 13 9 
12 13 12 
13 3 1 1 2 -1 3 44 70 0 
14 13 1 
15 5 13 
#tower
0 1 1 1 10 2 80 100 25 1 0
1 12 1 
2 13 11 
3 4 13 
4 14 11 
5 12 11 
6 14 12 
7 13 12 
8 14 10 
9 11 11 
10 14 13 
11 13 10 
12 12 12 
#map
#players
1 player1 2 1 18 3
2 player2 2 1 18 2
3 player3 1 10 114 1
4 player4 1 1 14 4

round 86
#corps
3 11 1 
12 13 12 
13 3 1 
14 13 2 2 2 -1 3 44 70 0 
15 5 13 
#tower
0 1 1 
1 12 1 2 10 2 80 100 25 1 0
2 13 11 
3 4 13 
4 14 11 
5 12 11 
6 14 12 
7 13 12 
8 14 10 3 10 3 20 23 25 1 0
9 11 11 
10 14 13 
11 13 10 
12 12 12 
#map
#players
1 player1 2 1 18 2
2 player2 1 1 14 3
3 player3 1 10 114 1
4 player4 1 1 14 4

round 87
#corps
3 11 1 
12 13 12 
13 3 1 
14 13 2 
15 5 13 
#tower
0 1 1 
1 12 1 
2 13 11 3 10 5 30 100 25 1 0
3 4 13 
4 14 11 3 15 -1 -1 120 27 2 0
5 12 11 3 10 5 30 100 25 1 0
6 14 12 
7 13 12 3 10 3 10