round 0
#corps
#tower
0 4 3 1 10 -1 -1 100 25 1 1
1 11 1 2 10 -1 -1 100 25 1 1
2 11 12 3 10 -1 -1 100 25 1 1
3 1 10 4 10 -1 -1 100 25 1 1
#map
0 0 2 1
1 0 2 1
2 0 5 1
3 0 2 1
4 0 4 1
5 0 1 1
6 0 3 0
7 0 5 0
8 0 1 0
9 0 4 2
10 0 5 2
11 0 5 2
12 0 5 2
13 0 5 2
14 0 2 2
0 1 2 1
1 1 1 1
2 1 5 1
3 1 1 1
4 1 1 1
5 1 1 1
6 1 2 0
7 1 2 0
8 1 1 0
9 1 3 2
10 1 5 2
11 1 0 2
12 1 5 2
13 1 2 2
14 1 4 2
0 2 2 1
1 2 3 1
2 2 1 1
3 2 5 1
4 2 5 1
5 2 5 1
6 2 3 0
7 2 1 0
8 2 1 0
9 2 3 2
10 2 5 2
11 2 5 2
12 2 5 2
13 2 2 2
14 2 5 2
0 3 3 1
1 3 4 1
2 3 2 1
3 3 5 1
4 3 0 1
5 3 5 1
6 3 1 0
7 3 1 0
8 3 1 0
9 3 1 2
10 3 5 2
11 3 5 2
12 3 1 2
13 3 1 2
14 3 2 2
0 4 5 1
1 4 2 1
2 4 2 1
3 4 5 1
4 4 5 1
5 4 5 1
6 4 1 0
7 4 1 0
8 4 1 0
9 4 1 2
10 4 1 2
11 4 1 2
12 4 1 2
13 4 1 2
14 4 4 2
0 5 1 1
1 5 2 1
2 5 2 1
3 5 5 1
4 5 5 1
5 5 5 1
6 5 1 0
7 5 1 0
8 5 1 0
9 5 1 2
10 5 1 2
11 5 1 2
12 5 1 2
13 5 2 2
14 5 1 2
0 6 3 0
1 6 5 0
2 6 5 0
3 6 5 0
4 6 5 0
5 6 5 0
6 6 2 0
7 6 1 0
8 6 1 0
9 6 1 0
10 6 1 0
11 6 1 0
12 6 3 0
13 6 3 0
14 6 3 0
0 7 2 0
1 7 5 0
2 7 5 0
3 7 5 0
4 7 5 0
5 7 2 0
6 7 3 0
7 7 5 0
8 7 1 0
9 7 5 0
10 7 3 0
11 7 5 0
12 7 2 0
13 7 5 0
14 7 1 0
0 8 5 0
1 8 4 0
2 8 5 0
3 8 5 0
4 8 5 0
5 8 2 0
6 8 2 0
7 8 1 0
8 8 2 0
9 8 2 0
10 8 5 0
11 8 3 0
12 8 2 0
13 8 1 0
14 8 5 0
0 9 5 4
1 9 5 4
2 9 5 4
3 9 5 4
4 9 1 4
5 9 1 4
6 9 2 0
7 9 1 0
8 9 1 0
9 9 5 3
10 9 5 3
11 9 5 3
12 9 3 3
13 9 1 3
14 9 2 3
0 10 5 4
1 10 0 4
2 10 5 4
3 10 1 4
4 10 1 4
5 10 1 4
6 10 5 0
7 10 4 0
8 10 1 0
9 10 4 3
10 10 5 3
11 10 1 3
12 10 2 3
13 10 5 3
14 10 3 3
0 11 5 4
1 11 5 4
2 11 5 4
3 11 1 4
4 11 1 4
5 11 2 4
6 11 3 0
7 11 5 0
8 11 1 0
9 11 1 3
10 11 5 3
11 11 5 3
12 11 5 3
13 11 3 3
14 11 4 3
0 12 1 4
1 12 2 4
2 12 1 4
3 12 1 4
4 12 4 4
5 12 5 4
6 12 3 0
7 12 1 0
8 12 3 0
9 12 2 3
10 12 5 3
11 12 0 3
12 12 5 3
13 12 2 3
14 12 2 3
0 13 5 4
1 13 1 4
2 13 1 4
3 13 1 4
4 13 2 4
5 13 2 4
6 13 2 0
7 13 5 0
8 13 5 0
9 13 3 3
10 13 5 3
11 13 5 3
12 13 5 3
13 13 1 3
14 13 1 3
0 14 1 4
1 14 1 4
2 14 1 4
3 14 1 4
4 14 2 4
5 14 1 4
6 14 1 0
7 14 2 0
8 14 2 0
9 14 1 3
10 14 1 3
11 14 1 3
12 14 5 3
13 14 2 3
14 14 5 3
#players
1 player1 0 1 10 1
2 player2 0 1 10 2
3 player3 0 1 10 3
4 player4 0 1 10 4

round 1
#corps
#tower
0 4 3 1 10 2 90 100 25 1 0
1 11 1 
2 11 12 
3 1 10 
#map
#players
1 player1 0 1 10 1
2 player2 0 1 10 2
3 player3 0 1 10 3
4 player4 0 1 10 4

round 2
#corps
#tower
0 4 3 
1 11 1 2 10 2 90 100 25 1 0
2 11 12 
3 1 10 
#map
#players
1 player1 0 1 10 1
2 player2 0 1 10 2
3 player3 0 1 10 4
4 player4 0 1 10 3

round 3
#corps
#tower
0 4 3 
1 11 1 
2 11 12 3 10 4 30 100 25 1 0
3 1 10 
#map
#players
1 player1 0 1 10 1
2 player2 0 1 10 4
3 player3 0 1 10 2
4 player4 0 1 10 3

round 4
#corps
#tower
0 4 3 
1 11 1 
2 11 12 
3 1 10 4 10 2 90 100 25 1 0
#map
#players
1 player1 0 1 10 3
2 player2 0 1 10 2
3 player3 0 1 10 4
4 player4 0 1 10 1

round 5
#corps
#tower
0 4 3 1 10 2 80 100 25 1 0
1 11 1 
2 11 12 
3 1 10 
#map
#players
1 player1 0 1 10 1
2 player2 0 1 10 2
3 player3 0 1 10 4
4 player4 0 1 10 3

round 6
#corps
#tower
0 4 3 
1 11 1 2 10 2 80 100 25 1 0
2 11 12 
3 1 10 
#map
#players
1 player1 0 1 10 2
2 player2 0 1 10 3
3 player3 0 1 10 4
4 player4 0 1 10 1

round 7
#corps
#tower
0 4 3 
1 11 1 
2 11 12 3 10 4 20 100 25 1 0
3 1 10 
#map
#players
1 player1 0 1 10 4
2 player2 0 1 10 3
3 player3 0 1 10 1
4 player4 0 1 10 2

round 8
#corps
#tower
0 4 3 
1 11 1 
2 11 12 
3 1 10 4 10 2 80 100 25 1 0
#map
#players
1 player1 0 1 10 4
2 player2 0 1 10 3
3 player3 0 1 10 1
4 player4 0 1 10 2

round 9
#corps
#tower
0 4 3 1 10 2 70 100 25 1 0
1 11 1 
2 11 12 
3 1 10 
#map
#players
1 player1 0 1 10 2
2 player2 0 1 10 1
3 player3 0 1 10 3
4 player4 0 1 10 4

round 10
#corps
#tower
0 4 3 
1 11 1 2 10 2 70 100 25 1 0
2 11 12 
3 1 10 
#map
#players
1 player1 0 1 10 4
2 player2 0 1 10 3
3 player3 0 1 10 1
4 player4 0 1 10 2

round 11
#corps
#tower
0 4 3 
1 11 1 
2 11 12 3 10 4 10 100 25 1 0
3 1 10 
#map
#players
1 player1 0 1 10 3
2 player2 0 1 10 1
3 player3 0 1 10 4
4 player4 0 1 10 2

round 12
#corps
#tower
0 4 3 
1 11 1 
2 11 12 
3 1 10 4 10 2 70 100 25 1 0
#map
#players
1 player1 0